0.000	0.010	0.999800	0.014141	0.000600	0.067600	
0.000	0.010	1.000000	0.000000	0.000800	0.068600	
0.000	0.010	0.999800	0.014141	0.001400	0.065800	
0.000	0.010	1.000000	0.000000	0.001400	0.065400	
0.000	0.010	1.000000	0.000000	0.003600	0.069800	
0.001	0.010	1.000000	0.000000	0.002800	0.065400	
0.001	0.010	1.000000	0.000000	0.004000	0.070400	
0.001	0.010	1.000000	0.000000	0.004600	0.068000	
0.001	0.010	1.000000	0.000000	0.004400	0.071200	
0.001	0.010	0.999800	0.014141	0.007000	0.069800	
0.001	0.010	1.000000	0.000000	0.006800	0.067800	
0.001	0.010	1.000000	0.000000	0.007800	0.073000	
0.001	0.010	0.999600	0.019996	0.010400	0.062400	
0.001	0.010	0.999800	0.014141	0.010200	0.075800	
0.001	0.010	0.999800	0.014141	0.009600	0.074800	
0.002	0.010	1.000000	0.000000	0.012400	0.074200	
0.002	0.010	1.000000	0.000000	0.008800	0.065200	
0.002	0.010	1.000000	0.000000	0.008000	0.066200	
0.002	0.010	1.000000	0.000000	0.009200	0.078600	
0.002	0.010	0.999600	0.019996	0.014200	0.075000	
0.002	0.010	1.000000	0.000000	0.016200	0.073600	
0.002	0.010	1.000000	0.000000	0.015200	0.071800	
0.002	0.010	1.000000	0.000000	0.013400	0.069800	
0.002	0.010	1.000000	0.000000	0.017200	0.067600	
0.002	0.010	0.999800	0.014141	0.017800	0.070200	
0.003	0.010	1.000000	0.000000	0.020200	0.067600	
0.003	0.010	0.999600	0.019996	0.020400	0.065200	
0.003	0.010	0.999800	0.014141	0.019200	0.068000	
0.003	0.010	0.999400	0.024488	0.019400	0.066200	
0.003	0.010	0.999800	0.014141	0.022800	0.062600	
0.003	0.010	1.000000	0.000000	0.017000	0.071800	
0.003	0.010	1.000000	0.000000	0.020000	0.068000	
0.003	0.010	0.999600	0.019996	0.021800	0.070400	
0.003	0.010	0.999600	0.019996	0.018600	0.070600	
0.003	0.010	0.999800	0.014141	0.021800	0.071400	
0.004	0.010	0.999600	0.019996	0.024400	0.072200	
0.004	0.010	1.000000	0.000000	0.021200	0.067000	
0.004	0.010	0.999800	0.014141	0.023800	0.069000	
0.004	0.010	0.999800	0.014141	0.027400	0.073200	
0.004	0.010	0.999400	0.024488	0.026600	0.068000	
0.004	0.010	0.999600	0.019996	0.033400	0.073200	
0.004	0.010	0.999400	0.024488	0.032800	0.072400	
0.004	0.010	0.999600	0.019996	0.028000	0.069800	
0.004	0.010	1.000000	0.000000	0.030200	0.072600	
0.004	0.010	1.000000	0.000000	0.031600	0.070400	
0.005	0.010	0.999600	0.019996	0.031000	0.074200	
0.005	0.010	0.999600	0.019996	0.032600	0.074800	
0.005	0.010	0.999600	0.019996	0.031600	0.067600	
0.005	0.010	0.999600	0.019996	0.031600	0.068000	
0.005	0.010	0.999400	0.024488	0.034200	0.071200	
0.005	0.010	0.999400	0.024488	0.035000	0.072600	
0.005	0.010	0.999800	0.014141	0.041000	0.069400	
0.005	0.010	0.999200	0.028273	0.038400	0.076600	
0.005	0.010	1.000000	0.000000	0.037800	0.064400	
0.005	0.010	0.999600	0.019996	0.039600	0.068200	
0.006	0.010	0.999600	0.019996	0.036800	0.069800	
0.006	0.010	0.999400	0.024488	0.042000	0.078800	
0.006	0.010	0.999800	0.014141	0.042200	0.067200	
0.006	0.010	0.999800	0.014141	0.040400	0.067200	
0.006	0.010	1.000000	0.000000	0.035800	0.073200	
0.006	0.010	0.999800	0.014141	0.045200	0.066400	
0.006	0.010	0.999600	0.019996	0.041000	0.069600	
0.006	0.010	0.999400	0.024488	0.043600	0.070200	
0.006	0.010	0.999800	0.014141	0.039800	0.069200	
0.006	0.010	0.999000	0.031607	0.043400	0.068600	
0.007	0.010	0.999600	0.019996	0.044400	0.073400	
0.007	0.010	0.999600	0.019996	0.047400	0.067600	
0.007	0.010	0.999600	0.019996	0.049000	0.070200	
0.007	0.010	0.999200	0.028273	0.050600	0.071400	
0.007	0.010	0.999600	0.019996	0.047600	0.066400	
0.007	0.010	0.999800	0.014141	0.051000	0.060000	
0.007	0.010	0.999000	0.031607	0.050600	0.073400	
0.007	0.010	0.999000	0.031607	0.057600	0.069600	
0.007	0.010	0.999600	0.019996	0.049400	0.071600	
0.007	0.010	0.999800	0.014141	0.051600	0.066800	
0.008	0.010	0.999200	0.028273	0.051600	0.068600	
0.008	0.010	0.999400	0.024488	0.054200	0.068400	
0.008	0.010	0.999600	0.019996	0.053000	0.069400	
0.008	0.010	0.999600	0.019996	0.049800	0.060600	
0.008	0.010	0.998800	0.034620	0.060200	0.073600	
0.008	0.010	0.999600	0.019996	0.052400	0.069600	
0.008	0.010	0.999600	0.019996	0.058200	0.066200	
0.008	0.010	0.999400	0.024488	0.054000	0.072600	
0.008	0.010	0.999800	0.014141	0.055000	0.067000	
0.008	0.010	0.999800	0.014141	0.058200	0.067800	
0.009	0.010	0.999000	0.031607	0.056600	0.075800	
0.009	0.010	0.999200	0.028273	0.060400	0.072400	
0.009	0.010	0.998800	0.034620	0.061800	0.062600	
0.009	0.010	0.999200	0.028273	0.061400	0.074200	
0.009	0.010	0.998800	0.034620	0.066600	0.066600	
0.009	0.010	0.999200	0.028273	0.064600	0.066000	
0.009	0.010	0.999400	0.024488	0.064600	0.067200	
0.009	0.010	0.999400	0.024488	0.062600	0.068400	
0.009	0.010	1.000000	0.000000	0.062000	0.075200	
0.009	0.010	0.999600	0.019996	0.066000	0.074000	
0.009	0.010	0.998800	0.034620	0.070000	0.078400	
0.010	0.010	0.999400	0.024488	0.063400	0.070800	
0.010	0.010	0.999600	0.019996	0.074200	0.066400	
0.010	0.010	0.999200	0.028273	0.073400	0.076600	
0.010	0.010	0.999200	0.028273	0.065400	0.075600	
0.010	0.010	0.999200	0.028273	0.066800	0.077000	
0.010	0.010	0.998800	0.034620	0.068800	0.070000	
0.010	0.010	0.998400	0.039968	0.072800	0.072800	
0.010	0.010	0.999200	0.028273	0.076800	0.069400	
0.010	0.010	0.999400	0.024488	0.079200	0.061800	
0.011	0.010	0.999200	0.028273	0.077200	0.069600	
0.011	0.010	0.999400	0.024488	0.070000	0.068800	
0.011	0.010	0.998800	0.034620	0.075400	0.069000	
0.011	0.010	0.999400	0.024488	0.074400	0.072000	
0.011	0.010	0.999000	0.031607	0.085200	0.072000	
0.011	0.010	0.998600	0.037390	0.074400	0.071000	
0.011	0.010	0.999600	0.019996	0.080000	0.077000	
0.011	0.010	0.999600	0.019996	0.077000	0.065800	
0.011	0.010	0.998800	0.034620	0.081800	0.072600	
0.011	0.010	0.999400	0.024488	0.078600	0.072200	
0.011	0.010	0.999200	0.028273	0.082800	0.067200	
0.012	0.010	0.999000	0.031607	0.083200	0.065000	
0.012	0.010	0.998800	0.034620	0.077400	0.067800	
0.012	0.010	0.998600	0.037390	0.084200	0.074800	
0.012	0.010	0.999400	0.024488	0.090600	0.077000	
0.012	0.010	0.999800	0.014141	0.084400	0.067600	
0.012	0.010	0.999600	0.019996	0.081600	0.069800	
0.012	0.010	0.999200	0.028273	0.085200	0.070000	
0.012	0.010	0.998800	0.034620	0.088200	0.073200	
0.012	0.010	1.000000	0.000000	0.090800	0.075200	
0.013	0.010	0.998600	0.037390	0.097000	0.067800	
0.013	0.010	0.999000	0.031607	0.092400	0.067600	
0.013	0.010	0.999400	0.024488	0.088000	0.065000	
0.013	0.010	0.998800	0.034620	0.088000	0.072400	
0.013	0.010	1.000000	0.000000	0.083400	0.069800	
0.013	0.010	0.999200	0.028273	0.095200	0.071400	
0.013	0.010	0.999800	0.014141	0.088400	0.062800	
0.013	0.010	0.998400	0.039968	0.085400	0.072000	
0.013	0.010	0.999200	0.028273	0.093400	0.067200	
0.013	0.010	0.998400	0.039968	0.094800	0.062400	
0.013	0.010	0.998400	0.039968	0.098800	0.067200	
0.014	0.010	0.999200	0.028273	0.089600	0.063400	
0.014	0.010	0.999200	0.028273	0.094600	0.067200	
0.014	0.010	0.999000	0.031607	0.102600	0.074800	
0.014	0.010	0.999200	0.028273	0.092200	0.073600	
0.014	0.010	0.998800	0.034620	0.096200	0.068600	
0.014	0.010	0.998800	0.034620	0.090200	0.071800	
0.014	0.010	0.999600	0.019996	0.100600	0.066400	
0.014	0.010	0.999000	0.031607	0.101000	0.071800	
0.014	0.010	0.999200	0.028273	0.100600	0.069200	
0.015	0.010	0.999000	0.031607	0.089400	0.073000	
0.015	0.010	0.999400	0.024488	0.103600	0.070400	
0.015	0.010	0.999200	0.028273	0.100400	0.073600	
0.015	0.010	0.998800	0.034620	0.102000	0.062400	
0.015	0.010	0.998200	0.042388	0.104000	0.068200	
0.015	0.010	0.998800	0.034620	0.100600	0.074400	
0.015	0.010	0.998400	0.039968	0.104200	0.065600	
0.015	0.010	0.998800	0.034620	0.112400	0.067200	
0.015	0.010	0.999200	0.028273	0.111000	0.072400	
0.015	0.010	0.998600	0.037390	0.113800	0.074200	
0.015	0.010	0.997600	0.048931	0.111800	0.073200	
0.016	0.010	0.998600	0.037390	0.093400	0.072400	
0.016	0.010	0.998800	0.034620	0.113000	0.070600	
0.016	0.010	0.998400	0.039968	0.117600	0.071800	
0.016	0.010	0.999200	0.028273	0.109200	0.070000	
0.016	0.010	0.999000	0.031607	0.115600	0.063400	
0.016	0.010	0.999200	0.028273	0.112600	0.074600	
0.016	0.010	0.998800	0.034620	0.108600	0.071800	
0.016	0.010	0.999200	0.028273	0.117600	0.073600	
0.016	0.010	0.998400	0.039968	0.106800	0.064200	
0.017	0.010	0.998800	0.034620	0.105200	0.069600	
0.017	0.010	0.999200	0.028273	0.122600	0.069800	
0.017	0.010	0.999000	0.031607	0.117600	0.076600	
0.017	0.010	0.999200	0.028273	0.110600	0.066600	
0.017	0.010	0.998600	0.037390	0.117000	0.067400	
0.017	0.010	0.999000	0.031607	0.114600	0.072800	
0.017	0.010	0.999000	0.031607	0.118200	0.069600	
0.017	0.010	0.999200	0.028273	0.119600	0.083800	
0.017	0.010	0.997200	0.052841	0.126600	0.068600	
0.017	0.010	0.998000	0.044677	0.121600	0.066600	
0.018	0.010	0.998600	0.037390	0.116400	0.070800	
0.018	0.010	0.998800	0.034620	0.123800	0.067200	
0.018	0.010	0.999200	0.028273	0.117200	0.076800	
0.018	0.010	0.998600	0.037390	0.122000	0.071200	
0.018	0.010	0.997800	0.046853	0.137200	0.071800	
0.018	0.010	0.998200	0.042388	0.124000	0.076400	
0.018	0.010	0.998600	0.037390	0.118000	0.074600	
0.018	0.010	0.998600	0.037390	0.132400	0.071000	
0.018	0.010	0.998800	0.034620	0.128600	0.070800	
0.018	0.010	0.997800	0.046853	0.131200	0.070400	
0.019	0.010	0.998400	0.039968	0.140400	0.070000	
0.019	0.010	0.997800	0.046853	0.129800	0.076800	
0.019	0.010	0.999400	0.024488	0.143000	0.072400	
0.019	0.010	0.997800	0.046853	0.134400	0.073600	
0.019	0.010	0.997600	0.048931	0.134600	0.069200	
0.019	0.010	0.998600	0.037390	0.145200	0.070800	
0.019	0.010	0.998800	0.034620	0.137200	0.072200	
0.019	0.010	0.998200	0.042388	0.133600	0.072600	
0.019	0.010	0.998400	0.039968	0.131800	0.073000	
0.019	0.010	0.998600	0.037390	0.140600	0.070800	
0.019	0.010	0.998400	0.039968	0.139800	0.067400	
0.020	0.010	0.998800	0.034620	0.139600	0.067400	
0.020	0.010	0.998400	0.039968	0.129000	0.067000	
0.020	0.010	0.998400	0.039968	0.140800	0.076400	
0.020	0.010	0.998000	0.044677	0.140000	0.070800	
0.020	0.010	0.998000	0.044677	0.145400	0.071200	
0.020	0.010	0.998600	0.037390	0.134000	0.072000	
0.020	0.010	0.998400	0.039968	0.147800	0.068800	
0.020	0.010	0.999600	0.019996	0.137200	0.067200	
0.020	0.010	0.998600	0.037390	0.144400	0.073800	
0.021	0.010	0.998000	0.044677	0.145000	0.068600	
0.021	0.010	0.998200	0.042388	0.142200	0.070400	
0.021	0.010	0.997800	0.046853	0.145800	0.076600	
0.021	0.010	0.998000	0.044677	0.149400	0.071000	
0.021	0.010	0.997400	0.050924	0.152600	0.067000	
0.021	0.010	0.998600	0.037390	0.154000	0.064400	
0.021	0.010	0.999000	0.031607	0.144000	0.065800	
0.021	0.010	0.998200	0.042388	0.146400	0.071000	
0.021	0.010	0.997200	0.052841	0.150600	0.068200	
0.021	0.010	0.999400	0.024488	0.160400	0.072600	
0.022	0.010	0.998400	0.039968	0.148400	0.066000	
0.022	0.010	0.997800	0.046853	0.140200	0.071800	
0.022	0.010	0.998400	0.039968	0.153800	0.068400	
0.022	0.010	0.999200	0.028273	0.144600	0.067600	
0.022	0.010	0.998000	0.044677	0.160800	0.071400	
0.022	0.010	0.998200	0.042388	0.151400	0.069600	
0.022	0.010	0.998000	0.044677	0.162200	0.068200	
0.022	0.010	0.998800	0.034620	0.161200	0.069200	
0.022	0.010	0.998400	0.039968	0.160000	0.066000	
0.022	0.010	0.997400	0.050924	0.156800	0.064200	
0.023	0.010	0.998800	0.034620	0.165800	0.077800	
0.023	0.010	0.998200	0.042388	0.168600	0.066400	
0.023	0.010	0.998000	0.044677	0.156200	0.073800	
0.023	0.010	0.998400	0.039968	0.161600	0.064600	
0.023	0.010	0.997600	0.048931	0.165400	0.071600	
0.023	0.010	0.997600	0.048931	0.159000	0.073400	
0.023	0.010	0.998000	0.044677	0.168800	0.068400	
0.023	0.010	0.997600	0.048931	0.162000	0.070600	
0.023	0.010	0.998000	0.044677	0.161000	0.068200	
0.023	0.010	0.998800	0.034620	0.167800	0.069400	
0.024	0.010	0.998400	0.039968	0.161400	0.071400	
0.024	0.010	0.997800	0.046853	0.164200	0.072400	
0.024	0.010	0.997600	0.048931	0.177400	0.073800	
0.024	0.010	0.998200	0.042388	0.169000	0.068800	
0.024	0.010	0.998200	0.042388	0.165200	0.070400	
0.024	0.010	0.997400	0.050924	0.169600	0.072600	
0.024	0.010	0.997000	0.054690	0.172600	0.074600	
0.024	0.010	0.997800	0.046853	0.175800	0.069800	
0.024	0.010	0.997800	0.046853	0.168000	0.072400	
0.024	0.010	0.998000	0.044677	0.173600	0.071400	
0.025	0.010	0.997600	0.048931	0.174800	0.068800	
0.025	0.010	0.998800	0.034620	0.168600	0.072800	
0.025	0.010	0.997600	0.048931	0.187000	0.066400	
0.025	0.010	0.998000	0.044677	0.169800	0.079400	
0.025	0.010	0.997800	0.046853	0.174000	0.067600	
0.025	0.010	0.998600	0.037390	0.180200	0.072400	
0.025	0.010	0.997800	0.046853	0.175800	0.070800	
0.025	0.010	0.998600	0.037390	0.179200	0.071400	
0.025	0.010	0.997000	0.054690	0.180600	0.075000	
0.025	0.010	0.997400	0.050924	0.174000	0.072400	
0.026	0.010	0.998000	0.044677	0.169400	0.066000	
0.026	0.010	0.997000	0.054690	0.187200	0.072000	
0.026	0.010	0.998000	0.044677	0.188400	0.071200	
0.026	0.010	0.998200	0.042388	0.181200	0.078600	
0.026	0.010	0.997400	0.050924	0.173000	0.072600	
0.026	0.010	0.997600	0.048931	0.191600	0.070600	
0.026	0.010	0.998800	0.034620	0.177600	0.069200	
0.026	0.010	0.998000	0.044677	0.184600	0.070200	
0.026	0.010	0.998400	0.039968	0.180800	0.072800	
0.026	0.010	0.998400	0.039968	0.183400	0.073600	
0.027	0.010	0.998600	0.037390	0.179200	0.068400	
0.027	0.010	0.998200	0.042388	0.187000	0.068200	
0.027	0.010	0.996800	0.056478	0.187400	0.070400	
0.027	0.010	0.998000	0.044677	0.190600	0.069400	
0.027	0.010	0.998800	0.034620	0.195800	0.068200	
0.027	0.010	0.998200	0.042388	0.188600	0.071000	
0.027	0.010	0.999400	0.024488	0.186200	0.072600	
0.027	0.010	0.998600	0.037390	0.190800	0.063000	
0.027	0.010	0.998000	0.044677	0.188000	0.067600	
0.027	0.010	0.997400	0.050924	0.193200	0.064200	
0.028	0.010	0.997600	0.048931	0.190800	0.075800	
0.028	0.010	0.995600	0.066186	0.193400	0.076200	
0.028	0.010	0.997200	0.052841	0.191000	0.072000	
0.028	0.010	0.997600	0.048931	0.200000	0.070400	
0.028	0.010	0.997400	0.050924	0.194800	0.067000	
0.028	0.010	0.997600	0.048931	0.189600	0.064400	
0.028	0.010	0.996200	0.061527	0.213800	0.074800	
0.028	0.010	0.997600	0.048931	0.205600	0.065000	
0.028	0.010	0.998200	0.042388	0.194600	0.076000	
0.028	0.010	0.997600	0.048931	0.206600	0.074400	
0.029	0.010	0.998000	0.044677	0.200000	0.067800	
0.029	0.010	0.998000	0.044677	0.199800	0.063200	
0.029	0.010	0.997200	0.052841	0.193800	0.063600	
0.029	0.010	0.997800	0.046853	0.206800	0.072000	
0.029	0.010	0.998200	0.042388	0.207400	0.074800	
0.029	0.010	0.996800	0.056478	0.211800	0.077200	
0.029	0.010	0.998200	0.042388	0.205200	0.073400	
0.029	0.010	0.996600	0.058210	0.218000	0.066800	
0.029	0.010	0.998200	0.042388	0.204600	0.064200	
0.029	0.010	0.998200	0.042388	0.197200	0.074600	
0.030	0.010	0.997800	0.046853	0.211600	0.070200	
0.030	0.010	0.997400	0.050924	0.212400	0.073200	
0.030	0.010	0.998000	0.044677	0.207200	0.071800	
0.030	0.010	0.996800	0.056478	0.204000	0.065400	
0.030	0.010	0.998200	0.042388	0.203800	0.068800	
0.030	0.010	0.997000	0.054690	0.203400	0.070800	
0.030	0.010	0.995400	0.067667	0.213400	0.074200	
0.030	0.010	0.997800	0.046853	0.219800	0.073600	
0.030	0.010	0.997600	0.048931	0.221600	0.070200	
0.030	0.010	0.997400	0.050924	0.209000	0.073200	
0.031	0.010	0.996600	0.058210	0.221400	0.068600	
0.031	0.010	0.997200	0.052841	0.209800	0.064800	
0.031	0.010	0.998000	0.044677	0.213400	0.075600	
0.031	0.010	0.997400	0.050924	0.210600	0.073200	
0.031	0.010	0.998600	0.037390	0.206200	0.066600	
0.031	0.010	0.997400	0.050924	0.212200	0.073000	
0.031	0.010	0.996800	0.056478	0.217600	0.068800	
0.031	0.010	0.997800	0.046853	0.221400	0.067800	
0.031	0.010	0.997000	0.054690	0.218200	0.070400	
0.031	0.010	0.997400	0.050924	0.210600	0.072200	
0.032	0.010	0.996400	0.059892	0.231200	0.073600	
0.032	0.010	0.997000	0.054690	0.226200	0.073600	
0.032	0.010	0.998800	0.034620	0.220400	0.069600	
0.032	0.010	0.997000	0.054690	0.225000	0.068800	
0.032	0.010	0.997800	0.046853	0.213400	0.065400	
0.032	0.010	0.998200	0.042388	0.221400	0.070000	
0.032	0.010	0.997400	0.050924	0.204800	0.071200	
0.032	0.010	0.997000	0.054690	0.231600	0.067200	
0.032	0.010	0.997400	0.050924	0.225200	0.066000	
0.032	0.010	0.997600	0.048931	0.236000	0.076400	
0.033	0.010	0.996000	0.063119	0.230200	0.074000	
0.033	0.010	0.998000	0.044677	0.240000	0.076400	
0.033	0.010	0.997200	0.052841	0.227400	0.064800	
0.033	0.010	0.997600	0.048931	0.232000	0.069200	
0.033	0.010	0.997200	0.052841	0.233000	0.069400	
0.033	0.010	0.998000	0.044677	0.237800	0.066600	
0.033	0.010	0.996400	0.059892	0.227800	0.075200	
0.033	0.010	0.996400	0.059892	0.222400	0.072800	
0.033	0.010	0.998000	0.044677	0.230800	0.069800	
0.033	0.010	0.996800	0.056478	0.229800	0.063800	
0.034	0.010	0.997600	0.048931	0.238000	0.070400	
0.034	0.010	0.997000	0.054690	0.240800	0.076000	
0.034	0.010	0.997800	0.046853	0.242200	0.065200	
0.034	0.010	0.996200	0.061527	0.235200	0.066800	
0.034	0.010	0.996800	0.056478	0.238600	0.070000	
0.034	0.010	0.996400	0.059892	0.240200	0.067200	
0.034	0.010	0.998600	0.037390	0.235800	0.067600	
0.034	0.010	0.998000	0.044677	0.236200	0.066200	
0.034	0.010	0.996400	0.059892	0.246800	0.077400	
0.034	0.010	0.997200	0.052841	0.248800	0.070200	
0.035	0.010	0.997600	0.048931	0.241200	0.071000	
0.035	0.010	0.996400	0.059892	0.253200	0.071800	
0.035	0.010	0.998000	0.044677	0.247800	0.066200	
0.035	0.010	0.997400	0.050924	0.241800	0.071200	
0.035	0.010	0.997000	0.054690	0.242200	0.072600	
0.035	0.010	0.996200	0.061527	0.243800	0.068200	
0.035	0.010	0.996800	0.056478	0.253000	0.072000	
0.035	0.010	0.996600	0.058210	0.246800	0.070400	
0.035	0.010	0.997400	0.050924	0.239200	0.066200	
0.035	0.010	0.997200	0.052841	0.254000	0.066800	
0.036	0.010	0.995600	0.066186	0.261000	0.064400	
0.036	0.010	0.996800	0.056478	0.260200	0.070200	
0.036	0.010	0.996600	0.058210	0.252400	0.074600	
0.036	0.010	0.995800	0.064671	0.256400	0.071400	
0.036	0.010	0.997400	0.050924	0.265600	0.070600	
0.036	0.010	0.996400	0.059892	0.258400	0.076600	
0.036	0.010	0.996200	0.061527	0.265200	0.073400	
0.036	0.010	0.996200	0.061527	0.256000	0.073400	
0.036	0.010	0.995800	0.064671	0.255600	0.074400	
0.036	0.010	0.996800	0.056478	0.258200	0.069600	
0.037	0.010	0.996800	0.056478	0.260800	0.070600	
0.037	0.010	0.996800	0.056478	0.271200	0.068800	
0.037	0.010	0.996400	0.059892	0.256800	0.069000	
0.037	0.010	0.997400	0.050924	0.265800	0.075200	
0.037	0.010	0.996800	0.056478	0.257600	0.076400	
0.037	0.010	0.998000	0.044677	0.246000	0.062600	
0.037	0.010	0.997600	0.048931	0.262600	0.066000	
0.037	0.010	0.996200	0.061527	0.255800	0.074600	
0.037	0.010	0.995200	0.069116	0.251800	0.066200	
0.037	0.010	0.996200	0.061527	0.258400	0.065600	
0.037	0.010	0.997600	0.048931	0.250800	0.071600	
0.038	0.010	0.997000	0.054690	0.270000	0.073000	
0.038	0.010	0.997800	0.046853	0.275200	0.064400	
0.038	0.010	0.997600	0.048931	0.270000	0.063200	
0.038	0.010	0.996200	0.061527	0.269600	0.067400	
0.038	0.010	0.996600	0.058210	0.266600	0.064200	
0.038	0.010	0.996800	0.056478	0.284000	0.065200	
0.038	0.010	0.995200	0.069116	0.268000	0.079600	
0.038	0.010	0.998200	0.042388	0.278400	0.062000	
0.038	0.010	0.995400	0.067667	0.284600	0.073800	
0.038	0.010	0.996000	0.063119	0.271000	0.079800	
0.039	0.010	0.996400	0.059892	0.272800	0.069600	
0.039	0.010	0.997200	0.052841	0.282800	0.077800	
0.039	0.010	0.995800	0.064671	0.275000	0.070200	
0.039	0.010	0.996600	0.058210	0.275200	0.071800	
0.039	0.010	0.997600	0.048931	0.278600	0.072200	
0.039	0.010	0.997000	0.054690	0.270400	0.076800	
0.039	0.010	0.997200	0.052841	0.280400	0.075200	
0.039	0.010	0.995000	0.070534	0.270200	0.071600	
0.039	0.010	0.996600	0.058210	0.266000	0.075200	
0.040	0.010	0.997200	0.052841	0.265800	0.071200	
0.040	0.010	0.995800	0.064671	0.286000	0.066600	
0.040	0.010	0.996400	0.059892	0.285800	0.068800	
0.040	0.010	0.995600	0.066186	0.283000	0.071600	
0.040	0.010	0.997200	0.052841	0.279200	0.068600	
0.040	0.010	0.996400	0.059892	0.275200	0.069800	
0.040	0.010	0.994600	0.073286	0.282800	0.074600	
0.040	0.010	0.996200	0.061527	0.281000	0.069600	
0.040	0.010	0.996400	0.059892	0.279800	0.066000	
0.040	0.010	0.995000	0.070534	0.269200	0.068400	
0.041	0.010	0.995200	0.069116	0.293200	0.074600	
0.041	0.010	0.997000	0.054690	0.282000	0.067400	
0.041	0.010	0.996400	0.059892	0.291400	0.072800	
0.041	0.010	0.996200	0.061527	0.301600	0.067400	
0.041	0.010	0.997200	0.052841	0.273000	0.063000	
0.041	0.010	0.996400	0.059892	0.280400	0.070200	
0.041	0.010	0.996800	0.056478	0.290000	0.073200	
0.041	0.010	0.996000	0.063119	0.300800	0.076400	
0.041	0.010	0.996600	0.058210	0.286800	0.064200	
0.041	0.010	0.996000	0.063119	0.295200	0.061600	
0.042	0.010	0.995400	0.067667	0.289000	0.063200	
0.042	0.010	0.996200	0.061527	0.278600	0.071400	
0.042	0.010	0.994600	0.073286	0.290800	0.069400	
0.042	0.010	0.994800	0.071923	0.294400	0.070800	
0.042	0.010	0.996600	0.058210	0.287200	0.073400	
0.042	0.010	0.995800	0.064671	0.292200	0.069600	
0.042	0.010	0.996800	0.056478	0.294200	0.070800	
0.042	0.010	0.996200	0.061527	0.288200	0.066800	
0.042	0.010	0.996400	0.059892	0.297200	0.070000	
0.042	0.010	0.996600	0.058210	0.293600	0.063600	
0.043	0.010	0.996400	0.059892	0.311800	0.076200	
0.043	0.010	0.996800	0.056478	0.298000	0.069200	
0.043	0.010	0.994800	0.071923	0.300200	0.072000	
0.043	0.010	0.996400	0.059892	0.296400	0.072800	
0.043	0.010	0.995000	0.070534	0.300200	0.071800	
0.043	0.010	0.996200	0.061527	0.309200	0.065800	
0.043	0.010	0.996400	0.059892	0.294000	0.072600	
0.043	0.010	0.997600	0.048931	0.298000	0.068200	
0.043	0.010	0.995400	0.067667	0.295600	0.073400	
0.043	0.010	0.993800	0.078496	0.312400	0.074200	
0.044	0.010	0.995600	0.066186	0.303800	0.073600	
0.044	0.010	0.995600	0.066186	0.290600	0.075800	
0.044	0.010	0.996400	0.059892	0.303200	0.071400	
0.044	0.010	0.995600	0.066186	0.326200	0.073000	
0.044	0.010	0.996400	0.059892	0.296800	0.070000	
0.044	0.010	0.994600	0.073286	0.303200	0.073600	
0.044	0.010	0.996000	0.063119	0.322800	0.070200	
0.044	0.010	0.994200	0.075937	0.327600	0.072600	
0.044	0.010	0.995600	0.066186	0.304400	0.069200	
0.044	0.010	0.996400	0.059892	0.313400	0.071400	
0.045	0.010	0.997000	0.054690	0.318200	0.069400	
0.045	0.010	0.995800	0.064671	0.310400	0.061200	
0.045	0.010	0.994400	0.074623	0.316200	0.075400	
0.045	0.010	0.994600	0.073286	0.320800	0.069200	
0.045	0.010	0.997600	0.048931	0.313200	0.075000	
0.045	0.010	0.994000	0.077227	0.307400	0.072200	
0.045	0.010	0.994800	0.071923	0.316800	0.073400	
0.045	0.010	0.995200	0.069116	0.317000	0.079800	
0.045	0.010	0.994600	0.073286	0.323000	0.074800	
0.045	0.010	0.995200	0.069116	0.321600	0.065000	
0.045	0.010	0.994800	0.071923	0.320600	0.072600	
0.046	0.010	0.996600	0.058210	0.317200	0.066400	
0.046	0.010	0.995000	0.070534	0.324400	0.078600	
0.046	0.010	0.996800	0.056478	0.331000	0.069400	
0.046	0.010	0.995800	0.064671	0.329000	0.070600	
0.046	0.010	0.994200	0.075937	0.323800	0.073800	
0.046	0.010	0.994600	0.073286	0.316200	0.070800	
0.046	0.010	0.995000	0.070534	0.320400	0.072200	
0.046	0.010	0.995000	0.070534	0.323000	0.068600	
0.046	0.010	0.996600	0.058210	0.332800	0.071800	
0.046	0.010	0.994800	0.071923	0.335000	0.071600	
0.047	0.010	0.994800	0.071923	0.333000	0.066800	
0.047	0.010	0.996800	0.056478	0.319000	0.062000	
0.047	0.010	0.994400	0.074623	0.326600	0.065200	
0.047	0.010	0.995400	0.067667	0.333200	0.067200	
0.047	0.010	0.994800	0.071923	0.329600	0.072800	
0.047	0.010	0.993200	0.082181	0.324000	0.081600	
0.047	0.010	0.996800	0.056478	0.343600	0.065600	
0.047	0.010	0.995000	0.070534	0.322200	0.075000	
0.047	0.010	0.996200	0.061527	0.335000	0.069200	
0.048	0.010	0.994000	0.077227	0.325400	0.069600	
0.048	0.010	0.995200	0.069116	0.338800	0.072600	
0.048	0.010	0.994600	0.073286	0.354000	0.073000	
0.048	0.010	0.994200	0.075937	0.341800	0.074400	
0.048	0.010	0.996600	0.058210	0.327400	0.068200	
0.048	0.010	0.995600	0.066186	0.341000	0.071400	
0.048	0.010	0.995600	0.066186	0.340200	0.079000	
0.048	0.010	0.996400	0.059892	0.345400	0.074000	
0.048	0.010	0.994400	0.074623	0.333000	0.063200	
0.048	0.010	0.996800	0.056478	0.341000	0.061400	
0.049	0.010	0.993000	0.083373	0.348000	0.068800	
0.049	0.010	0.995800	0.064671	0.354600	0.070000	
0.049	0.010	0.996200	0.061527	0.350400	0.069000	
0.049	0.010	0.996800	0.056478	0.338600	0.069000	
0.049	0.010	0.994400	0.074623	0.340200	0.067400	
0.049	0.010	0.996400	0.059892	0.336000	0.066000	
0.049	0.010	0.997200	0.052841	0.340000	0.072200	
0.049	0.010	0.994000	0.077227	0.349000	0.067000	
0.049	0.010	0.996800	0.056478	0.350400	0.066200	
0.049	0.010	0.995200	0.069116	0.353600	0.061800	
0.050	0.010	0.995600	0.066186	0.343400	0.061200	
0.050	0.010	0.994400	0.074623	0.353400	0.077000	
0.050	0.010	0.996800	0.056478	0.344800	0.072400	
0.050	0.010	0.996600	0.058210	0.343200	0.070600	
0.050	0.010	0.994600	0.073286	0.347400	0.070200	
0.050	0.010	0.995800	0.064671	0.359800	0.071400	
0.050	0.010	0.995600	0.066186	0.353600	0.070200	
0.050	0.010	0.994600	0.073286	0.348400	0.074600	
0.050	0.010	0.997000	0.054690	0.342400	0.064400	
0.050	0.010	0.994400	0.074623	0.353400	0.067200	
0.051	0.010	0.996400	0.059892	0.358200	0.071800	
0.051	0.010	0.993600	0.079744	0.376000	0.071600	
0.051	0.010	0.995400	0.067667	0.363600	0.071200	
0.051	0.010	0.996200	0.061527	0.367200	0.068800	
0.051	0.010	0.994400	0.074623	0.354800	0.071600	
0.051	0.010	0.995400	0.067667	0.358800	0.062400	
0.051	0.010	0.994400	0.074623	0.369000	0.071000	
0.051	0.010	0.996400	0.059892	0.358800	0.066800	
0.051	0.010	0.995800	0.064671	0.359200	0.066400	
0.051	0.010	0.995400	0.067667	0.360800	0.066000	
0.052	0.010	0.994000	0.077227	0.360400	0.073600	
0.052	0.010	0.995800	0.064671	0.372600	0.068000	
0.052	0.010	0.994200	0.075937	0.349000	0.071600	
0.052	0.010	0.996400	0.059892	0.370600	0.069400	
0.052	0.010	0.993000	0.083373	0.371200	0.073800	
0.052	0.010	0.995200	0.069116	0.362400	0.066600	
0.052	0.010	0.995200	0.069116	0.374000	0.067000	
0.052	0.010	0.995600	0.066186	0.375400	0.067200	
0.052	0.010	0.997200	0.052841	0.364000	0.064200	
0.052	0.010	0.993000	0.083373	0.369000	0.074600	
0.053	0.010	0.995600	0.066186	0.373400	0.069600	
0.053	0.010	0.993400	0.080972	0.381600	0.072000	
0.053	0.010	0.994400	0.074623	0.362200	0.065800	
0.053	0.010	0.995600	0.066186	0.375200	0.076200	
0.053	0.010	0.994200	0.075937	0.379800	0.066600	
0.053	0.010	0.995000	0.070534	0.362600	0.078400	
0.053	0.010	0.994600	0.073286	0.361000	0.063800	
0.053	0.010	0.996600	0.058210	0.367800	0.060200	
0.053	0.010	0.994000	0.077227	0.375200	0.074200	
0.053	0.010	0.993400	0.080972	0.381400	0.062400	
0.054	0.010	0.996800	0.056478	0.379000	0.062400	
0.054	0.010	0.994600	0.073286	0.366000	0.066400	
0.054	0.010	0.994400	0.074623	0.378200	0.070800	
0.054	0.010	0.995400	0.067667	0.380400	0.072600	
0.054	0.010	0.995400	0.067667	0.382000	0.065800	
0.054	0.010	0.995000	0.070534	0.383200	0.064800	
0.054	0.010	0.994400	0.074623	0.380400	0.066600	
0.054	0.010	0.993800	0.078496	0.387400	0.072600	
0.054	0.010	0.994000	0.077227	0.390600	0.069200	
0.054	0.010	0.994400	0.074623	0.385200	0.066200	
0.054	0.010	0.995800	0.064671	0.384000	0.065000	
0.055	0.010	0.995800	0.064671	0.373400	0.071200	
0.055	0.010	0.993200	0.082181	0.388000	0.068000	
0.055	0.010	0.994200	0.075937	0.389000	0.071800	
0.055	0.010	0.994200	0.075937	0.390000	0.070000	
0.055	0.010	0.995000	0.070534	0.393800	0.067600	
0.055	0.010	0.995400	0.067667	0.388200	0.067200	
0.055	0.010	0.994400	0.074623	0.389800	0.066000	
0.055	0.010	0.995800	0.064671	0.396200	0.072800	
0.055	0.010	0.994200	0.075937	0.377000	0.066200	
0.056	0.010	0.995800	0.064671	0.391200	0.070600	
0.056	0.010	0.993200	0.082181	0.389600	0.069600	
0.056	0.010	0.992800	0.084547	0.396600	0.066800	
0.056	0.010	0.994600	0.073286	0.393000	0.073600	
0.056	0.010	0.994800	0.071923	0.394800	0.066800	
0.056	0.010	0.995200	0.069116	0.387200	0.072400	
0.056	0.010	0.994400	0.074623	0.401400	0.070600	
0.056	0.010	0.993200	0.082181	0.395600	0.066200	
0.056	0.010	0.994200	0.075937	0.418000	0.063400	
0.056	0.010	0.992200	0.087972	0.401000	0.070000	
0.057	0.010	0.995000	0.070534	0.400200	0.067200	
0.057	0.010	0.994800	0.071923	0.410800	0.068000	
0.057	0.010	0.994600	0.073286	0.408200	0.069400	
0.057	0.010	0.994200	0.075937	0.402200	0.066200	
0.057	0.010	0.994600	0.073286	0.397200	0.064600	
0.057	0.010	0.993600	0.079744	0.387600	0.067600	
0.057	0.010	0.993800	0.078496	0.402200	0.067200	
0.057	0.010	0.994800	0.071923	0.411400	0.068200	
0.057	0.010	0.995600	0.066186	0.408200	0.067600	
0.057	0.010	0.993400	0.080972	0.402000	0.068600	
0.058	0.010	0.993200	0.082181	0.416400	0.067400	
0.058	0.010	0.993800	0.078496	0.408600	0.071600	
0.058	0.010	0.993600	0.079744	0.407800	0.071000	
0.058	0.010	0.993800	0.078496	0.419200	0.065800	
0.058	0.010	0.994800	0.071923	0.391200	0.070800	
0.058	0.010	0.993800	0.078496	0.408400	0.064400	
0.058	0.010	0.992600	0.085704	0.415400	0.066800	
0.058	0.010	0.993200	0.082181	0.417400	0.073600	
0.058	0.010	0.994600	0.073286	0.403200	0.066000	
0.058	0.010	0.994400	0.074623	0.422600	0.071800	
0.059	0.010	0.994600	0.073286	0.417600	0.071800	
0.059	0.010	0.994200	0.075937	0.418000	0.071000	
0.059	0.010	0.992200	0.087972	0.405000	0.076200	
0.059	0.010	0.994400	0.074623	0.409200	0.063000	
0.059	0.010	0.994000	0.077227	0.424200	0.072400	
0.059	0.010	0.993600	0.079744	0.403800	0.072200	
0.059	0.010	0.994000	0.077227	0.420400	0.058600	
0.059	0.010	0.991800	0.090182	0.428600	0.074600	
0.059	0.010	0.992800	0.084547	0.406800	0.065800	
0.059	0.010	0.993800	0.078496	0.422400	0.068000	
0.060	0.010	0.994000	0.077227	0.419400	0.073200	
0.060	0.010	0.995000	0.070534	0.425800	0.069200	
0.060	0.010	0.992000	0.089084	0.419200	0.067800	
0.060	0.010	0.993800	0.078496	0.409400	0.064800	
0.060	0.010	0.994200	0.075937	0.429000	0.069000	
0.060	0.010	0.990600	0.096497	0.424000	0.068600	
0.060	0.010	0.994200	0.075937	0.424800	0.069200	
0.060	0.010	0.994200	0.075937	0.420800	0.067800	
0.060	0.010	0.994200	0.075937	0.437000	0.075200	
0.060	0.010	0.994200	0.075937	0.420400	0.066600	
0.061	0.010	0.995200	0.069116	0.414800	0.068000	
0.061	0.010	0.992200	0.087972	0.439400	0.071400	
0.061	0.010	0.995000	0.070534	0.417200	0.064200	
0.061	0.010	0.993600	0.079744	0.433600	0.066200	
0.061	0.010	0.991200	0.093395	0.426800	0.077000	
0.061	0.010	0.994800	0.071923	0.433800	0.068800	
0.061	0.010	0.992200	0.087972	0.426200	0.068000	
0.061	0.010	0.993600	0.079744	0.431800	0.070800	
0.061	0.010	0.994800	0.071923	0.424000	0.072000	
0.061	0.010	0.993800	0.078496	0.430000	0.072000	
0.062	0.010	0.991400	0.092337	0.426800	0.069600	
0.062	0.010	0.991600	0.091266	0.438200	0.074600	
0.062	0.010	0.992000	0.089084	0.445200	0.071000	
0.062	0.010	0.993400	0.080972	0.430600	0.065800	
0.062	0.010	0.993400	0.080972	0.439600	0.071600	
0.062	0.010	0.995200	0.069116	0.441000	0.063600	
0.062	0.010	0.991800	0.090182	0.441200	0.073600	
0.062	0.010	0.994800	0.071923	0.432000	0.068400	
0.062	0.010	0.994200	0.075937	0.456000	0.073200	
0.062	0.010	0.994000	0.077227	0.451800	0.073200	
0.062	0.010	0.993000	0.083373	0.456800	0.069600	
0.063	0.010	0.991600	0.091266	0.448000	0.072200	
0.063	0.010	0.993200	0.082181	0.434400	0.071200	
0.063	0.010	0.994000	0.077227	0.441600	0.073200	
0.063	0.010	0.994000	0.077227	0.457000	0.077200	
0.063	0.010	0.991600	0.091266	0.444800	0.063000	
0.063	0.010	0.992200	0.087972	0.473000	0.074800	
0.063	0.010	0.992400	0.086846	0.452200	0.068800	
0.063	0.010	0.994400	0.074623	0.435200	0.066000	
0.063	0.010	0.994200	0.075937	0.446200	0.067000	
0.064	0.010	0.991400	0.092337	0.445800	0.073600	
0.064	0.010	0.991800	0.090182	0.445600	0.071800	
0.064	0.010	0.992000	0.089084	0.454800	0.068000	
0.064	0.010	0.993000	0.083373	0.439000	0.073800	
0.064	0.010	0.991200	0.093395	0.453600	0.070600	
0.064	0.010	0.993000	0.083373	0.441600	0.070400	
0.064	0.010	0.993600	0.079744	0.441000	0.069400	
0.064	0.010	0.992600	0.085704	0.462400	0.067400	
0.064	0.010	0.991800	0.090182	0.470600	0.076600	
0.064	0.010	0.992200	0.087972	0.454600	0.068200	
0.065	0.010	0.993400	0.080972	0.445200	0.076400	
0.065	0.010	0.992800	0.084547	0.455200	0.066600	
0.065	0.010	0.993000	0.083373	0.471000	0.070000	
0.065	0.010	0.992200	0.087972	0.450200	0.065400	
0.065	0.010	0.992600	0.085704	0.463800	0.072000	
0.065	0.010	0.994000	0.077227	0.458200	0.068400	
0.065	0.010	0.992800	0.084547	0.470600	0.068200	
0.065	0.010	0.993800	0.078496	0.455400	0.069400	
0.065	0.010	0.991200	0.093395	0.461600	0.064800	
0.065	0.010	0.992400	0.086846	0.458600	0.069600	
0.066	0.010	0.992600	0.085704	0.475800	0.069800	
0.066	0.010	0.993000	0.083373	0.457600	0.067400	
0.066	0.010	0.994600	0.073286	0.466000	0.070200	
0.066	0.010	0.991000	0.094440	0.462000	0.063600	
0.066	0.010	0.991200	0.093395	0.467800	0.069600	
0.066	0.010	0.992800	0.084547	0.480400	0.073200	
0.066	0.010	0.990800	0.095474	0.473200	0.069000	
0.066	0.010	0.991400	0.092337	0.464800	0.072400	
0.066	0.010	0.990600	0.096497	0.485600	0.074800	
0.066	0.010	0.992400	0.086846	0.470200	0.074400	
0.067	0.010	0.993200	0.082181	0.469200	0.062800	
0.067	0.010	0.992200	0.087972	0.473400	0.065000	
0.067	0.010	0.994200	0.075937	0.466800	0.068400	
0.067	0.010	0.993600	0.079744	0.460200	0.072200	
0.067	0.010	0.989800	0.100479	0.470400	0.071800	
0.067	0.010	0.991200	0.093395	0.471400	0.073800	
0.067	0.010	0.992800	0.084547	0.479400	0.072600	
0.067	0.010	0.994200	0.075937	0.472000	0.063800	
0.067	0.010	0.993400	0.080972	0.476600	0.062000	
0.067	0.010	0.990200	0.098509	0.477600	0.068000	
0.068	0.010	0.991800	0.090182	0.485200	0.066600	
0.068	0.010	0.993400	0.080972	0.478800	0.066000	
0.068	0.010	0.991200	0.093395	0.474600	0.064600	
0.068	0.010	0.992800	0.084547	0.479000	0.063800	
0.068	0.010	0.993600	0.079744	0.498200	0.068800	
0.068	0.010	0.994400	0.074623	0.476400	0.071000	
0.068	0.010	0.991600	0.091266	0.467400	0.074200	
0.068	0.010	0.990600	0.096497	0.469600	0.071200	
0.068	0.010	0.992000	0.089084	0.473800	0.066400	
0.068	0.010	0.993400	0.080972	0.479200	0.068200	
0.069	0.010	0.993200	0.082181	0.484400	0.074200	
0.069	0.010	0.992800	0.084547	0.473800	0.063600	
0.069	0.010	0.992800	0.084547	0.486400	0.067800	
0.069	0.010	0.994000	0.077227	0.479800	0.064200	
0.069	0.010	0.994800	0.071923	0.486600	0.065000	
0.069	0.010	0.992400	0.086846	0.487800	0.072200	
0.069	0.010	0.992200	0.087972	0.500200	0.072400	
0.069	0.010	0.988800	0.105236	0.495600	0.082000	
0.069	0.010	0.991000	0.094440	0.495800	0.070200	
0.069	0.010	0.991400	0.092337	0.479800	0.079600	
0.070	0.010	0.991200	0.093395	0.502200	0.071800	
0.070	0.010	0.991400	0.092337	0.487000	0.074600	
0.070	0.010	0.992200	0.087972	0.494800	0.067800	
0.070	0.010	0.992200	0.087972	0.480400	0.072000	
0.070	0.010	0.990600	0.096497	0.505800	0.069800	
0.070	0.010	0.993000	0.083373	0.509800	0.069400	
0.070	0.010	0.993800	0.078496	0.480800	0.062000	
0.070	0.010	0.990800	0.095474	0.510000	0.073800	
0.070	0.010	0.991400	0.092337	0.499200	0.074200	
0.070	0.010	0.993200	0.082181	0.478200	0.072600	
0.071	0.010	0.991800	0.090182	0.508200	0.069800	
0.071	0.010	0.990800	0.095474	0.500600	0.075800	
0.071	0.010	0.993000	0.083373	0.493600	0.068800	
0.071	0.010	0.989800	0.100479	0.505400	0.073800	
0.071	0.010	0.991400	0.092337	0.494000	0.067400	
0.071	0.010	0.989600	0.101449	0.497400	0.071200	
0.071	0.010	0.990400	0.097508	0.503600	0.074200	
0.071	0.010	0.992800	0.084547	0.504000	0.065000	
0.071	0.010	0.990400	0.097508	0.509600	0.071800	
0.071	0.010	0.990600	0.096497	0.503000	0.072000	
0.072	0.010	0.994800	0.071923	0.494600	0.065600	
0.072	0.010	0.988000	0.108885	0.512000	0.068400	
0.072	0.010	0.992200	0.087972	0.505400	0.074800	
0.072	0.010	0.991600	0.091266	0.516400	0.071200	
0.072	0.010	0.992800	0.084547	0.510000	0.073400	
0.072	0.010	0.993000	0.083373	0.514800	0.069200	
0.072	0.010	0.991000	0.094440	0.516000	0.070000	
0.072	0.010	0.990200	0.098509	0.509600	0.076800	
0.072	0.010	0.990800	0.095474	0.497800	0.073600	
0.072	0.010	0.990000	0.099499	0.521400	0.066200	
0.073	0.010	0.992400	0.086846	0.516200	0.067600	
0.073	0.010	0.989000	0.104302	0.510200	0.069600	
0.073	0.010	0.992400	0.086846	0.515400	0.072200	
0.073	0.010	0.990400	0.097508	0.522000	0.067400	
0.073	0.010	0.989800	0.100479	0.499200	0.073600	
0.073	0.010	0.992800	0.084547	0.517400	0.070600	
0.073	0.010	0.990800	0.095474	0.518800	0.077200	
0.073	0.010	0.992600	0.085704	0.514200	0.067000	
0.073	0.010	0.988400	0.107077	0.526200	0.070600	
0.073	0.010	0.991600	0.091266	0.504400	0.066600	
0.074	0.010	0.992000	0.089084	0.510000	0.070200	
0.074	0.010	0.991200	0.093395	0.521400	0.067600	
0.074	0.010	0.990800	0.095474	0.531800	0.071200	
0.074	0.010	0.990400	0.097508	0.521200	0.069000	
0.074	0.010	0.991200	0.093395	0.545600	0.073000	
0.074	0.010	0.993000	0.083373	0.528200	0.065200	
0.074	0.010	0.988400	0.107077	0.522800	0.076800	
0.074	0.010	0.992200	0.087972	0.519200	0.066800	
0.074	0.010	0.992200	0.087972	0.527000	0.075200	
0.074	0.010	0.993600	0.079744	0.512800	0.060800	
0.074	0.010	0.991600	0.091266	0.522400	0.068200	
0.075	0.010	0.992200	0.087972	0.511200	0.068200	
0.075	0.010	0.991000	0.094440	0.525600	0.074000	
0.075	0.010	0.992800	0.084547	0.532200	0.067400	
0.075	0.010	0.989600	0.101449	0.547800	0.069600	
0.075	0.010	0.990600	0.096497	0.530000	0.068000	
0.075	0.010	0.991800	0.090182	0.515800	0.071400	
0.075	0.010	0.992800	0.084547	0.526800	0.063600	
0.075	0.010	0.990000	0.099499	0.542400	0.066600	
0.075	0.010	0.989600	0.101449	0.537000	0.064400	
0.075	0.010	0.990000	0.099499	0.539200	0.072800	
0.076	0.010	0.989400	0.102409	0.534600	0.070200	
0.076	0.010	0.989600	0.101449	0.536400	0.062800	
0.076	0.010	0.986800	0.114130	0.525000	0.077600	
0.076	0.010	0.991800	0.090182	0.542000	0.065600	
0.076	0.010	0.991000	0.094440	0.536200	0.075000	
0.076	0.010	0.990600	0.096497	0.549600	0.073800	
0.076	0.010	0.990000	0.099499	0.531800	0.076400	
0.076	0.010	0.991800	0.090182	0.531200	0.065200	
0.076	0.010	0.990000	0.099499	0.537800	0.070200	
0.076	0.010	0.991800	0.090182	0.545000	0.070600	
0.077	0.010	0.992200	0.087972	0.553800	0.070600	
0.077	0.010	0.989000	0.104302	0.540600	0.076200	
0.077	0.010	0.993200	0.082181	0.536800	0.073400	
0.077	0.010	0.990000	0.099499	0.549200	0.071000	
0.077	0.010	0.989000	0.104302	0.546600	0.068400	
0.077	0.010	0.991800	0.090182	0.543200	0.066600	
0.077	0.010	0.990400	0.097508	0.540200	0.069400	
0.077	0.010	0.988200	0.107985	0.550000	0.073600	
0.077	0.010	0.989400	0.102409	0.549000	0.074000	
0.077	0.010	0.988600	0.106160	0.560600	0.072400	
0.078	0.010	0.989600	0.101449	0.532800	0.068000	
0.078	0.010	0.990200	0.098509	0.550600	0.075200	
0.078	0.010	0.990800	0.095474	0.567000	0.065400	
0.078	0.010	0.988200	0.107985	0.548200	0.069000	
0.078	0.010	0.992000	0.089084	0.540400	0.071400	
0.078	0.010	0.986800	0.114130	0.562400	0.073600	
0.078	0.010	0.990200	0.098509	0.550000	0.068000	
0.078	0.010	0.988800	0.105236	0.571000	0.069800	
0.078	0.010	0.989200	0.103360	0.532400	0.070600	
0.079	0.010	0.990600	0.096497	0.558800	0.079600	
0.079	0.010	0.988400	0.107077	0.550400	0.076400	
0.079	0.010	0.989800	0.100479	0.551200	0.071800	
0.079	0.010	0.988600	0.106160	0.551800	0.070400	
0.079	0.010	0.991000	0.094440	0.559400	0.067400	
0.079	0.010	0.989000	0.104302	0.567800	0.072200	
0.079	0.010	0.987800	0.109778	0.561400	0.071600	
0.079	0.010	0.990200	0.098509	0.545400	0.066800	
0.079	0.010	0.991800	0.090182	0.543600	0.067400	
0.079	0.010	0.990600	0.096497	0.570600	0.075800	
0.080	0.010	0.990400	0.097508	0.564400	0.074800	
0.080	0.010	0.989600	0.101449	0.557000	0.071200	
0.080	0.010	0.990800	0.095474	0.556600	0.064200	
0.080	0.010	0.987800	0.109778	0.579000	0.070600	
0.080	0.010	0.988400	0.107077	0.563200	0.065200	
0.080	0.010	0.989200	0.103360	0.546000	0.070400	
0.080	0.010	0.988600	0.106160	0.554800	0.078400	
0.080	0.010	0.990200	0.098509	0.564800	0.073400	
0.080	0.010	0.987000	0.113274	0.586800	0.067400	
0.080	0.010	0.989600	0.101449	0.584000	0.070800	
0.081	0.010	0.988000	0.108885	0.589800	0.075600	
0.081	0.010	0.990000	0.099499	0.578600	0.074400	
0.081	0.010	0.990200	0.098509	0.558400	0.067800	
0.081	0.010	0.988400	0.107077	0.589400	0.070200	
0.081	0.010	0.992200	0.087972	0.565600	0.072000	
0.081	0.010	0.989000	0.104302	0.562200	0.067800	
0.081	0.010	0.987200	0.112411	0.595800	0.073200	
0.081	0.010	0.989600	0.101449	0.564800	0.065400	
0.081	0.010	0.987000	0.113274	0.599600	0.070800	
0.081	0.010	0.990200	0.098509	0.559000	0.066400	
0.082	0.010	0.990200	0.098509	0.582200	0.071000	
0.082	0.010	0.991000	0.094440	0.579200	0.063800	
0.082	0.010	0.986800	0.114130	0.571200	0.068800	
0.082	0.010	0.988200	0.107985	0.592600	0.062400	
0.082	0.010	0.990200	0.098509	0.571400	0.067000	
0.082	0.010	0.989000	0.104302	0.580400	0.073000	
0.082	0.010	0.991400	0.092337	0.568400	0.063800	
0.082	0.010	0.990200	0.098509	0.571400	0.069200	
0.082	0.010	0.989600	0.101449	0.581000	0.071800	
0.082	0.010	0.990200	0.098509	0.585800	0.067200	
0.083	0.010	0.989800	0.100479	0.579600	0.072800	
0.083	0.010	0.988200	0.107985	0.556600	0.072200	
0.083	0.010	0.989800	0.100479	0.576000	0.071800	
0.083	0.010	0.988600	0.106160	0.572200	0.074200	
0.083	0.010	0.987400	0.111540	0.590200	0.076600	
0.083	0.010	0.987000	0.113274	0.585400	0.065400	
0.083	0.010	0.991000	0.094440	0.583600	0.065800	
0.083	0.010	0.988600	0.106160	0.589600	0.066400	
0.083	0.010	0.987000	0.113274	0.584200	0.073000	
0.083	0.010	0.988000	0.108885	0.605200	0.065200	
0.084	0.010	0.986800	0.114130	0.593200	0.069000	
0.084	0.010	0.991600	0.091266	0.588800	0.070200	
0.084	0.010	0.989400	0.102409	0.578400	0.071400	
0.084	0.010	0.989600	0.101449	0.603400	0.067800	
0.084	0.010	0.989800	0.100479	0.586200	0.067000	
0.084	0.010	0.987000	0.113274	0.591800	0.073200	
0.084	0.010	0.990200	0.098509	0.580200	0.065400	
0.084	0.010	0.988800	0.105236	0.598200	0.066600	
0.084	0.010	0.989200	0.103360	0.593400	0.068000	
0.084	0.010	0.990000	0.099499	0.610600	0.072000	
0.085	0.010	0.989600	0.101449	0.611200	0.067600	
0.085	0.010	0.989400	0.102409	0.608000	0.069600	
0.085	0.010	0.985400	0.119945	0.607200	0.070000	
0.085	0.010	0.988600	0.106160	0.614600	0.075400	
0.085	0.010	0.989600	0.101449	0.600200	0.069400	
0.085	0.010	0.986600	0.114980	0.591600	0.069400	
0.085	0.010	0.987200	0.112411	0.593200	0.075000	
0.085	0.010	0.986600	0.114980	0.616000	0.076000	
0.085	0.010	0.987400	0.111540	0.584600	0.075600	
0.085	0.010	0.988800	0.105236	0.589000	0.066600	
0.086	0.010	0.989600	0.101449	0.598600	0.063400	
0.086	0.010	0.991800	0.090182	0.601400	0.073600	
0.086	0.010	0.988800	0.105236	0.622600	0.070600	
0.086	0.010	0.989600	0.101449	0.615800	0.078200	
0.086	0.010	0.988600	0.106160	0.614800	0.072000	
0.086	0.010	0.990600	0.096497	0.620600	0.074200	
0.086	0.010	0.987400	0.111540	0.618200	0.074600	
0.086	0.010	0.986400	0.115823	0.611600	0.068400	
0.086	0.010	0.987000	0.113274	0.613600	0.066400	
0.086	0.010	0.991400	0.092337	0.620600	0.074200	
0.087	0.010	0.988400	0.107077	0.616600	0.071600	
0.087	0.010	0.988200	0.107985	0.624200	0.069600	
0.087	0.010	0.988200	0.107985	0.605200	0.071200	
0.087	0.010	0.987600	0.110663	0.623400	0.069800	
0.087	0.010	0.985400	0.119945	0.618800	0.068800	
0.087	0.010	0.988000	0.108885	0.632600	0.062600	
0.087	0.010	0.988400	0.107077	0.602000	0.068600	
0.087	0.010	0.985800	0.118315	0.626800	0.074600	
0.087	0.010	0.989600	0.101449	0.602600	0.072600	
0.087	0.010	0.987200	0.112411	0.636600	0.075400	
0.088	0.010	0.990200	0.098509	0.625800	0.070000	
0.088	0.010	0.989200	0.103360	0.617600	0.070200	
0.088	0.010	0.987400	0.111540	0.622200	0.066000	
0.088	0.010	0.987200	0.112411	0.625400	0.068600	
0.088	0.010	0.986600	0.114980	0.618400	0.072000	
0.088	0.010	0.989400	0.102409	0.618600	0.066000	
0.088	0.010	0.988800	0.105236	0.636000	0.074200	
0.088	0.010	0.987600	0.110663	0.622800	0.070600	
0.088	0.010	0.987800	0.109778	0.629800	0.068800	
0.088	0.010	0.986800	0.114130	0.630000	0.076000	
0.089	0.010	0.987000	0.113274	0.635800	0.075400	
0.089	0.010	0.992600	0.085704	0.594400	0.073400	
0.089	0.010	0.989400	0.102409	0.628800	0.069600	
0.089	0.010	0.988000	0.108885	0.632800	0.073800	
0.089	0.010	0.989200	0.103360	0.619000	0.066200	
0.089	0.010	0.988400	0.107077	0.612200	0.074200	
0.089	0.010	0.986800	0.114130	0.635000	0.065800	
0.089	0.010	0.987600	0.110663	0.619400	0.077800	
0.089	0.010	0.985600	0.119133	0.647400	0.070600	
0.089	0.010	0.986400	0.115823	0.642400	0.070200	
0.090	0.010	0.986000	0.117490	0.640200	0.064600	
0.090	0.010	0.986400	0.115823	0.646600	0.067200	
0.090	0.010	0.985600	0.119133	0.634400	0.066000	
0.090	0.010	0.988800	0.105236	0.636400	0.075200	
0.090	0.010	0.983600	0.127008	0.641000	0.065400	
0.090	0.010	0.985400	0.119945	0.638200	0.069800	
0.090	0.010	0.983000	0.129271	0.631200	0.069600	
0.090	0.010	0.983400	0.127767	0.664200	0.070800	
0.090	0.010	0.986600	0.114980	0.636800	0.074400	
0.090	0.010	0.987000	0.113274	0.653800	0.067400	
0.091	0.010	0.987600	0.110663	0.641600	0.071000	
0.091	0.010	0.989000	0.104302	0.644200	0.066600	
0.091	0.010	0.989000	0.104302	0.643600	0.067800	
0.091	0.010	0.988200	0.107985	0.671600	0.063600	
0.091	0.010	0.987000	0.113274	0.641400	0.065000	
0.091	0.010	0.989000	0.104302	0.645600	0.075600	
0.091	0.010	0.988800	0.105236	0.661400	0.064800	
0.091	0.010	0.988400	0.107077	0.631200	0.079400	
0.091	0.010	0.987800	0.109778	0.646600	0.071400	
0.091	0.010	0.985800	0.118315	0.635200	0.072000	
0.091	0.010	0.987400	0.111540	0.648800	0.071600	
0.092	0.010	0.987400	0.111540	0.652200	0.069000	
0.092	0.010	0.983000	0.129271	0.648800	0.068600	
0.092	0.010	0.985800	0.118315	0.644400	0.068200	
0.092	0.010	0.985000	0.121552	0.663200	0.071600	
0.092	0.010	0.988000	0.108885	0.639400	0.077200	
0.092	0.010	0.986200	0.116660	0.644800	0.067800	
0.092	0.010	0.985600	0.119133	0.679400	0.077000	
0.092	0.010	0.986600	0.114980	0.637600	0.065000	
0.092	0.010	0.989200	0.103360	0.650600	0.069800	
0.092	0.010	0.986000	0.117490	0.629800	0.073000	
0.093	0.010	0.986400	0.115823	0.677400	0.072000	
0.093	0.010	0.985800	0.118315	0.672600	0.069800	
0.093	0.010	0.985400	0.119945	0.653600	0.067000	
0.093	0.010	0.985600	0.119133	0.684200	0.075600	
0.093	0.010	0.987600	0.110663	0.649200	0.066600	
0.093	0.010	0.986200	0.116660	0.675200	0.082800	
0.093	0.010	0.986800	0.114130	0.671400	0.066000	
0.093	0.010	0.983600	0.127008	0.681400	0.070600	
0.093	0.010	0.984600	0.123137	0.652800	0.079800	
0.093	0.010	0.986200	0.116660	0.648600	0.072000	
0.094	0.010	0.986000	0.117490	0.676000	0.064200	
0.094	0.010	0.987200	0.112411	0.663800	0.071200	
0.094	0.010	0.988400	0.107077	0.669000	0.073600	
0.094	0.010	0.988800	0.105236	0.672600	0.074400	
0.094	0.010	0.988400	0.107077	0.670800	0.071000	
0.094	0.010	0.987000	0.113274	0.660800	0.071200	
0.094	0.010	0.986400	0.115823	0.658800	0.070600	
0.094	0.010	0.987600	0.110663	0.664200	0.071000	
0.094	0.010	0.982800	0.130016	0.656600	0.081200	
0.095	0.010	0.987400	0.111540	0.670600	0.067000	
0.095	0.010	0.988000	0.108885	0.671200	0.064200	
0.095	0.010	0.986800	0.114130	0.648000	0.069600	
0.095	0.010	0.987400	0.111540	0.668600	0.063600	
0.095	0.010	0.986800	0.114130	0.652800	0.069200	
0.095	0.010	0.988400	0.107077	0.666200	0.061600	
0.095	0.010	0.987600	0.110663	0.690200	0.076000	
0.095	0.010	0.986200	0.116660	0.665200	0.071400	
0.095	0.010	0.986200	0.116660	0.649400	0.070200	
0.095	0.010	0.985800	0.118315	0.676800	0.068200	
0.096	0.010	0.988600	0.106160	0.671000	0.069000	
0.096	0.010	0.985000	0.121552	0.681000	0.074200	
0.096	0.010	0.984600	0.123137	0.656400	0.070000	
0.096	0.010	0.984800	0.122348	0.669600	0.065600	
0.096	0.010	0.988000	0.108885	0.657200	0.066000	
0.096	0.010	0.984000	0.125475	0.658000	0.069800	
0.096	0.010	0.987600	0.110663	0.689800	0.072200	
0.096	0.010	0.986800	0.114130	0.681200	0.068800	
0.096	0.010	0.984200	0.124701	0.672800	0.073400	
0.096	0.010	0.988600	0.106160	0.665600	0.069200	
0.097	0.010	0.985200	0.120752	0.679800	0.068600	
0.097	0.010	0.988000	0.108885	0.668400	0.065600	
0.097	0.010	0.988400	0.107077	0.680200	0.071800	
0.097	0.010	0.983400	0.127767	0.673400	0.068600	
0.097	0.010	0.983400	0.127767	0.675600	0.068400	
0.097	0.010	0.985800	0.118315	0.691200	0.070200	
0.097	0.010	0.982600	0.130756	0.707400	0.071000	
0.097	0.010	0.986600	0.114980	0.676000	0.068400	
0.097	0.010	0.986600	0.114980	0.674200	0.065800	
0.097	0.010	0.984200	0.124701	0.696600	0.068800	
0.098	0.010	0.987200	0.112411	0.682600	0.079800	
0.098	0.010	0.983000	0.129271	0.688600	0.067000	
0.098	0.010	0.984800	0.122348	0.698600	0.071000	
0.098	0.010	0.984200	0.124701	0.698000	0.073600	
0.098	0.010	0.985400	0.119945	0.699800	0.071200	
0.098	0.010	0.983200	0.128521	0.677400	0.074000	
0.098	0.010	0.984200	0.124701	0.717200	0.070200	
0.098	0.010	0.984200	0.124701	0.690800	0.073200	
0.098	0.010	0.983400	0.127767	0.700200	0.069400	
0.098	0.010	0.982200	0.132224	0.698400	0.067800	
0.099	0.010	0.982800	0.130016	0.701400	0.077000	
0.099	0.010	0.984000	0.125475	0.715600	0.070600	
0.099	0.010	0.987400	0.111540	0.700400	0.073000	
0.099	0.010	0.986600	0.114980	0.710000	0.071000	
0.099	0.010	0.987800	0.109778	0.685200	0.071400	
0.099	0.010	0.985800	0.118315	0.701600	0.066600	
0.099	0.010	0.985800	0.118315	0.699400	0.068400	
0.099	0.010	0.984800	0.122348	0.688600	0.074200	
0.099	0.010	0.986000	0.117490	0.716600	0.069000	
0.099	0.010	0.984600	0.123137	0.701800	0.070000	
0.100	0.010	0.982200	0.132224	0.716000	0.076400	
0.100	0.010	0.987000	0.113274	0.693200	0.069800	
0.100	0.010	0.981200	0.135818	0.700400	0.073600	
0.100	0.010	0.986400	0.115823	0.701800	0.069400	
0.100	0.010	0.978400	0.145373	0.703600	0.075000	
0.100	0.010	0.985200	0.120752	0.707800	0.076000	
0.100	0.010	0.984600	0.123137	0.695400	0.068200	
0.100	0.010	0.985000	0.121552	0.718400	0.068800	
0.100	0.010	0.984000	0.125475	0.724000	0.073000	
0.100	0.010	0.983200	0.128521	0.745200	0.070600	
0.101	0.010	0.983400	0.127767	0.711600	0.074200	
0.101	0.010	0.986200	0.116660	0.707400	0.070400	
0.101	0.010	0.983200	0.128521	0.725000	0.068400	
0.101	0.010	0.986600	0.114980	0.732400	0.067200	
0.101	0.010	0.985800	0.118315	0.707200	0.070600	
0.101	0.010	0.986400	0.115823	0.712000	0.065600	
0.101	0.010	0.981800	0.133674	0.712800	0.073200	
0.101	0.010	0.984200	0.124701	0.713400	0.071400	
0.101	0.010	0.983400	0.127767	0.710400	0.066400	
0.101	0.010	0.981800	0.133674	0.716400	0.074400	
0.102	0.010	0.985400	0.119945	0.728000	0.068600	
0.102	0.010	0.986600	0.114980	0.702600	0.070200	
0.102	0.010	0.985600	0.119133	0.726400	0.068600	
0.102	0.010	0.987000	0.113274	0.705000	0.072200	
0.102	0.010	0.982400	0.131492	0.734600	0.072800	
0.102	0.010	0.981600	0.134393	0.734600	0.071600	
0.102	0.010	0.988000	0.108885	0.708800	0.065400	
0.102	0.010	0.982800	0.130016	0.748200	0.075000	
0.102	0.010	0.985200	0.120752	0.727800	0.074600	
0.102	0.010	0.986000	0.117490	0.706600	0.073600	
0.103	0.010	0.980600	0.137926	0.756800	0.072400	
0.103	0.010	0.984000	0.125475	0.705200	0.074400	
0.103	0.010	0.984000	0.125475	0.718000	0.074400	
0.103	0.010	0.985400	0.119945	0.737400	0.068200	
0.103	0.010	0.985200	0.120752	0.719800	0.065400	
0.103	0.010	0.983600	0.127008	0.714200	0.066800	
0.103	0.010	0.985800	0.118315	0.725200	0.066200	
0.103	0.010	0.981200	0.135818	0.733400	0.076800	
0.103	0.010	0.983800	0.126244	0.750600	0.066800	
0.103	0.010	0.984400	0.123922	0.732800	0.072800	
0.104	0.010	0.980400	0.138621	0.758800	0.069000	
0.104	0.010	0.981600	0.134393	0.745200	0.070400	
0.104	0.010	0.985600	0.119133	0.721200	0.063600	
0.104	0.010	0.986800	0.114130	0.730400	0.065600	
0.104	0.010	0.981800	0.133674	0.736200	0.068000	
0.104	0.010	0.983600	0.127008	0.751200	0.072400	
0.104	0.010	0.981800	0.133674	0.735000	0.070200	
0.104	0.010	0.982600	0.130756	0.721800	0.074400	
0.104	0.010	0.983800	0.126244	0.751600	0.074800	
0.104	0.010	0.982400	0.131492	0.749800	0.069200	
0.105	0.010	0.984600	0.123137	0.739800	0.071800	
0.105	0.010	0.985000	0.121552	0.732000	0.069800	
0.105	0.010	0.983200	0.128521	0.754200	0.064600	
0.105	0.010	0.982000	0.132951	0.738400	0.076400	
0.105	0.010	0.980800	0.137227	0.741200	0.074600	
0.105	0.010	0.982800	0.130016	0.742200	0.062600	
0.105	0.010	0.982800	0.130016	0.736400	0.066200	
0.105	0.010	0.979600	0.141364	0.756000	0.072400	
0.105	0.010	0.984400	0.123922	0.742000	0.068000	
0.105	0.010	0.981800	0.133674	0.735600	0.071800	
0.106	0.010	0.979400	0.142041	0.745000	0.067800	
0.106	0.010	0.984800	0.122348	0.766400	0.072200	
0.106	0.010	0.982000	0.132951	0.731600	0.066800	
0.106	0.010	0.981800	0.133674	0.767800	0.067800	
0.106	0.010	0.980400	0.138621	0.759600	0.075800	
0.106	0.010	0.983000	0.129271	0.731400	0.067800	
0.106	0.010	0.982200	0.132224	0.742400	0.072800	
0.106	0.010	0.981000	0.136525	0.741400	0.067800	
0.106	0.010	0.984400	0.123922	0.750400	0.065200	
0.106	0.010	0.982600	0.130756	0.761600	0.068000	
0.107	0.010	0.977400	0.148624	0.781600	0.068400	
0.107	0.010	0.979400	0.142041	0.769200	0.064800	
0.107	0.010	0.984200	0.124701	0.742600	0.073200	
0.107	0.010	0.981000	0.136525	0.766000	0.070200	
0.107	0.010	0.982600	0.130756	0.774200	0.063000	
0.107	0.010	0.981200	0.135818	0.757800	0.069200	
0.107	0.010	0.985000	0.121552	0.758600	0.071800	
0.107	0.010	0.985600	0.119133	0.766400	0.064800	
0.107	0.010	0.983000	0.129271	0.771600	0.070200	
0.107	0.010	0.980400	0.138621	0.792400	0.066800	
0.107	0.010	0.984000	0.125475	0.769000	0.065800	
0.108	0.010	0.983000	0.129271	0.769000	0.072800	
0.108	0.010	0.982400	0.131492	0.762400	0.062000	
0.108	0.010	0.981400	0.135108	0.755600	0.076200	
0.108	0.010	0.981800	0.133674	0.754400	0.069000	
0.108	0.010	0.981000	0.136525	0.764000	0.068000	
0.108	0.010	0.977400	0.148624	0.760800	0.071000	
0.108	0.010	0.981400	0.135108	0.781200	0.068200	
0.108	0.010	0.980000	0.140000	0.774800	0.066200	
0.108	0.010	0.981400	0.135108	0.767800	0.070400	
0.108	0.010	0.981600	0.134393	0.781400	0.066600	
0.109	0.010	0.985000	0.121552	0.754800	0.073200	
0.109	0.010	0.983000	0.129271	0.774600	0.069000	
0.109	0.010	0.984800	0.122348	0.761000	0.067600	
0.109	0.010	0.979400	0.142041	0.793400	0.066800	
0.109	0.010	0.977400	0.148624	0.785600	0.072600	
0.109	0.010	0.984000	0.125475	0.765400	0.068200	
0.109	0.010	0.984000	0.125475	0.763200	0.071000	
0.109	0.010	0.976600	0.151170	0.765600	0.070800	
0.109	0.010	0.982800	0.130016	0.785200	0.074800	
0.110	0.010	0.979000	0.143384	0.779000	0.070400	
0.110	0.010	0.982800	0.130016	0.764000	0.069200	
0.110	0.010	0.982000	0.132951	0.781400	0.066000	
0.110	0.010	0.983200	0.128521	0.778800	0.067400	
0.110	0.010	0.983600	0.127008	0.756400	0.066200	
0.110	0.010	0.984000	0.125475	0.784400	0.065000	
0.110	0.010	0.978600	0.144714	0.775200	0.073800	
0.110	0.010	0.980800	0.137227	0.779000	0.064200	
0.110	0.010	0.979400	0.142041	0.785200	0.071800	
0.110	0.010	0.983000	0.129271	0.790800	0.068600	
0.111	0.010	0.981200	0.135818	0.780400	0.073400	
0.111	0.010	0.982800	0.130016	0.759200	0.073400	
0.111	0.010	0.979000	0.143384	0.779200	0.072400	
0.111	0.010	0.977800	0.147333	0.803600	0.067800	
0.111	0.010	0.980600	0.137926	0.789600	0.074600	
0.111	0.010	0.984400	0.123922	0.774600	0.065800	
0.111	0.010	0.981400	0.135108	0.789400	0.073800	
0.111	0.010	0.983200	0.128521	0.811200	0.073000	
0.111	0.010	0.979200	0.142714	0.817400	0.066200	
0.111	0.010	0.984400	0.123922	0.790600	0.074000	
0.112	0.010	0.980200	0.139312	0.789000	0.066000	
0.112	0.010	0.980400	0.138621	0.776600	0.071800	
0.112	0.010	0.976800	0.150538	0.813000	0.067200	
0.112	0.010	0.980200	0.139312	0.809400	0.072800	
0.112	0.010	0.979600	0.141364	0.811000	0.071400	
0.112	0.010	0.980800	0.137227	0.776600	0.074800	
0.112	0.010	0.980200	0.139312	0.796000	0.066600	
0.112	0.010	0.981600	0.134393	0.794800	0.066600	
0.112	0.010	0.984000	0.125475	0.797600	0.067600	
0.112	0.010	0.981200	0.135818	0.807000	0.071000	
0.113	0.010	0.978000	0.146683	0.811400	0.074800	
0.113	0.010	0.982000	0.132951	0.794200	0.073200	
0.113	0.010	0.982000	0.132951	0.800000	0.069000	
0.113	0.010	0.979400	0.142041	0.779400	0.073200	
0.113	0.010	0.979400	0.142041	0.803200	0.067400	
0.113	0.010	0.980800	0.137227	0.797600	0.076000	
0.113	0.010	0.977600	0.147981	0.806800	0.070800	
0.113	0.010	0.978000	0.146683	0.794400	0.068800	
0.113	0.010	0.980600	0.137926	0.795400	0.062600	
0.113	0.010	0.982800	0.130016	0.797400	0.065200	
0.114	0.010	0.980000	0.140000	0.809400	0.076400	
0.114	0.010	0.981000	0.136525	0.808200	0.064000	
0.114	0.010	0.979400	0.142041	0.799200	0.067600	
0.114	0.010	0.982200	0.132224	0.806800	0.071000	
0.114	0.010	0.979000	0.143384	0.817800	0.070400	
0.114	0.010	0.975400	0.154903	0.822800	0.079000	
0.114	0.010	0.982000	0.132951	0.813000	0.061000	
0.114	0.010	0.976200	0.152426	0.802800	0.074000	
0.114	0.010	0.981800	0.133674	0.820200	0.072600	
0.114	0.010	0.980000	0.140000	0.824000	0.067400	
0.115	0.010	0.982800	0.130016	0.788200	0.072000	
0.115	0.010	0.979400	0.142041	0.791200	0.074800	
0.115	0.010	0.982400	0.131492	0.799600	0.066800	
0.115	0.010	0.980600	0.137926	0.808600	0.067400	
0.115	0.010	0.980800	0.137227	0.801600	0.066200	
0.115	0.010	0.981000	0.136525	0.813800	0.066600	
0.115	0.010	0.978600	0.144714	0.820200	0.072600	
0.115	0.010	0.980600	0.137926	0.824600	0.069800	
0.115	0.010	0.981600	0.134393	0.804200	0.069800	
0.115	0.010	0.980600	0.137926	0.816200	0.066800	
0.116	0.010	0.978800	0.144051	0.814800	0.066800	
0.116	0.010	0.982400	0.131492	0.814200	0.065000	
0.116	0.010	0.977800	0.147333	0.840200	0.071400	
0.116	0.010	0.977200	0.149265	0.822800	0.066800	
0.116	0.010	0.978200	0.146030	0.818800	0.069400	
0.116	0.010	0.979600	0.141364	0.828000	0.075800	
0.116	0.010	0.979200	0.142714	0.836400	0.067600	
0.116	0.010	0.976800	0.150538	0.826600	0.071200	
0.116	0.010	0.981600	0.134393	0.824800	0.066200	
0.116	0.010	0.979400	0.142041	0.827600	0.074000	
0.117	0.010	0.979200	0.142714	0.814200	0.072400	
0.117	0.010	0.977400	0.148624	0.822000	0.069000	
0.117	0.010	0.978200	0.146030	0.838600	0.071800	
0.117	0.010	0.980800	0.137227	0.808800	0.066600	
0.117	0.010	0.976800	0.150538	0.822000	0.069600	
0.117	0.010	0.981600	0.134393	0.822800	0.075600	
0.117	0.010	0.976000	0.153049	0.830200	0.075600	
0.117	0.010	0.978800	0.144051	0.837600	0.070000	
0.117	0.010	0.979200	0.142714	0.852600	0.071800	
0.117	0.010	0.979600	0.141364	0.821000	0.066600	
0.118	0.010	0.981600	0.134393	0.804600	0.065600	
0.118	0.010	0.979800	0.140684	0.835200	0.070200	
0.118	0.010	0.976400	0.151799	0.844000	0.072600	
0.118	0.010	0.980000	0.140000	0.827800	0.070400	
0.118	0.010	0.981000	0.136525	0.824800	0.074400	
0.118	0.010	0.976000	0.153049	0.836400	0.069600	
0.118	0.010	0.976600	0.151170	0.841800	0.063200	
0.118	0.010	0.976800	0.150538	0.828200	0.073600	
0.118	0.010	0.978200	0.146030	0.828400	0.073200	
0.118	0.010	0.979200	0.142714	0.834800	0.066800	
0.119	0.010	0.979600	0.141364	0.831200	0.067200	
0.119	0.010	0.978000	0.146683	0.831200	0.067800	
0.119	0.010	0.975600	0.154288	0.845600	0.070800	
0.119	0.010	0.981400	0.135108	0.857400	0.069000	
0.119	0.010	0.978200	0.146030	0.851600	0.068000	
0.119	0.010	0.979200	0.142714	0.839200	0.075000	
0.119	0.010	0.979200	0.142714	0.843400	0.072200	
0.119	0.010	0.975000	0.156125	0.834400	0.067200	
0.119	0.010	0.981000	0.136525	0.842200	0.070200	
0.119	0.010	0.978200	0.146030	0.855000	0.068400	
0.120	0.010	0.980400	0.138621	0.850600	0.066800	
0.120	0.010	0.977800	0.147333	0.831800	0.066800	
0.120	0.010	0.975800	0.153670	0.883600	0.070800	
0.120	0.010	0.980000	0.140000	0.858400	0.070600	
0.120	0.010	0.975800	0.153670	0.841800	0.069600	
0.120	0.010	0.976000	0.153049	0.855000	0.074000	
0.120	0.010	0.977200	0.149265	0.863800	0.071000	
0.120	0.010	0.975800	0.153670	0.856800	0.078200	
0.120	0.010	0.973800	0.159730	0.845400	0.069600	
0.120	0.010	0.979000	0.143384	0.847200	0.067400	
0.121	0.010	0.978800	0.144051	0.862600	0.066800	
0.121	0.010	0.978400	0.145373	0.855600	0.073800	
0.121	0.010	0.973600	0.160322	0.860800	0.074600	
0.121	0.010	0.977600	0.147981	0.871800	0.068600	
0.121	0.010	0.972600	0.163246	0.877200	0.078200	
0.121	0.010	0.978200	0.146030	0.851800	0.064600	
0.121	0.010	0.979000	0.143384	0.832600	0.077000	
0.121	0.010	0.974600	0.157337	0.864200	0.069600	
0.121	0.010	0.974000	0.159135	0.853000	0.067600	
0.121	0.010	0.975000	0.156125	0.865800	0.073800	
0.122	0.010	0.975600	0.154288	0.873200	0.072000	
0.122	0.010	0.972400	0.163824	0.867400	0.072000	
0.122	0.010	0.977800	0.147333	0.845400	0.075000	
0.122	0.010	0.980000	0.140000	0.871200	0.071800	
0.122	0.010	0.978000	0.146683	0.872200	0.076000	
0.122	0.010	0.978000	0.146683	0.898400	0.069800	
0.122	0.010	0.976600	0.151170	0.852200	0.072600	
0.122	0.010	0.972600	0.163246	0.866600	0.074000	
0.122	0.010	0.977000	0.149903	0.891600	0.072400	
0.122	0.010	0.975200	0.155515	0.864200	0.069200	
0.123	0.010	0.980000	0.140000	0.861800	0.070000	
0.123	0.010	0.976600	0.151170	0.870800	0.070600	
0.123	0.010	0.981400	0.135108	0.859400	0.066000	
0.123	0.010	0.978000	0.146683	0.872000	0.075400	
0.123	0.010	0.983000	0.129271	0.851200	0.071000	
0.123	0.010	0.976000	0.153049	0.887800	0.069400	
0.123	0.010	0.977600	0.147981	0.871800	0.070600	
0.123	0.010	0.974400	0.157939	0.878800	0.069000	
0.123	0.010	0.976200	0.152426	0.885600	0.073400	
0.123	0.010	0.976200	0.152426	0.877600	0.067200	
0.124	0.010	0.980000	0.140000	0.873000	0.068800	
0.124	0.010	0.974000	0.159135	0.873200	0.071000	
0.124	0.010	0.973800	0.159730	0.888000	0.068400	
0.124	0.010	0.975000	0.156125	0.861400	0.074000	
0.124	0.010	0.978400	0.145373	0.868600	0.073800	
0.124	0.010	0.976000	0.153049	0.864800	0.073400	
0.124	0.010	0.978600	0.144714	0.878400	0.061600	
0.124	0.010	0.977400	0.148624	0.882800	0.075600	
0.124	0.010	0.977200	0.149265	0.898800	0.069200	
0.124	0.010	0.974400	0.157939	0.879800	0.069200	
0.124	0.010	0.975200	0.155515	0.888200	0.067200	
0.125	0.010	0.978600	0.144714	0.854200	0.075600	
0.125	0.010	0.974600	0.157337	0.905800	0.078600	
0.125	0.010	0.975800	0.153670	0.873000	0.069400	
0.125	0.010	0.975600	0.154288	0.863200	0.074800	
0.125	0.010	0.977400	0.148624	0.903800	0.060600	
0.125	0.010	0.974400	0.157939	0.877000	0.068600	
0.125	0.010	0.975800	0.153670	0.893800	0.067800	
0.125	0.010	0.976200	0.152426	0.878000	0.066000	
0.125	0.010	0.975400	0.154903	0.913400	0.068800	
0.126	0.010	0.976600	0.151170	0.895000	0.068600	
0.126	0.010	0.970400	0.169481	0.917600	0.079200	
0.126	0.010	0.976800	0.150538	0.880800	0.071800	
0.126	0.010	0.977400	0.148624	0.881800	0.069400	
0.126	0.010	0.976000	0.153049	0.892000	0.065200	
0.126	0.010	0.973200	0.161498	0.892200	0.075600	
0.126	0.010	0.976400	0.151799	0.909600	0.065800	
0.126	0.010	0.975600	0.154288	0.895800	0.064400	
0.126	0.010	0.975200	0.155515	0.891800	0.072400	
0.126	0.010	0.972800	0.162666	0.906000	0.077800	
0.127	0.010	0.970400	0.169481	0.896600	0.075000	
0.127	0.010	0.973800	0.159730	0.906200	0.070800	
0.127	0.010	0.972800	0.162666	0.885000	0.069000	
0.127	0.010	0.976400	0.151799	0.894600	0.075200	
0.127	0.010	0.974800	0.156732	0.903400	0.069600	
0.127	0.010	0.973400	0.160911	0.911400	0.075200	
0.127	0.010	0.979800	0.140684	0.871600	0.069600	
0.127	0.010	0.971600	0.166113	0.894800	0.069000	
0.127	0.010	0.975200	0.155515	0.898400	0.072400	
0.127	0.010	0.976200	0.152426	0.890800	0.070800	
0.128	0.010	0.975400	0.154903	0.891200	0.070000	
0.128	0.010	0.975000	0.156125	0.913600	0.071400	
0.128	0.010	0.975200	0.155515	0.918600	0.071800	
0.128	0.010	0.976800	0.150538	0.903000	0.063400	
0.128	0.010	0.974800	0.156732	0.898600	0.070000	
0.128	0.010	0.974200	0.158538	0.928800	0.065200	
0.128	0.010	0.977000	0.149903	0.914800	0.068200	
0.128	0.010	0.974400	0.157939	0.911200	0.065000	
0.128	0.010	0.975600	0.154288	0.889000	0.065000	
0.128	0.010	0.973000	0.162083	0.909200	0.066400	
0.129	0.010	0.976200	0.152426	0.915800	0.071400	
0.129	0.010	0.975200	0.155515	0.910000	0.065000	
0.129	0.010	0.975400	0.154903	0.896400	0.067600	
0.129	0.010	0.974400	0.157939	0.929000	0.070400	
0.129	0.010	0.973000	0.162083	0.911200	0.071200	
0.129	0.010	0.968800	0.173858	0.925600	0.068600	
0.129	0.010	0.973400	0.160911	0.948600	0.069600	
0.129	0.010	0.974400	0.157939	0.917200	0.072200	
0.129	0.010	0.975000	0.156125	0.925200	0.070800	
0.129	0.010	0.970000	0.170587	0.923600	0.071400	
0.130	0.010	0.974800	0.156732	0.915000	0.072800	
0.130	0.010	0.971800	0.165544	0.918200	0.073800	
0.130	0.010	0.975200	0.155515	0.900600	0.068400	
0.130	0.010	0.974600	0.157337	0.929000	0.072400	
0.130	0.010	0.975200	0.155515	0.919800	0.065800	
0.130	0.010	0.972800	0.162666	0.902000	0.079600	
0.130	0.010	0.969200	0.172775	0.924600	0.076000	
0.130	0.010	0.977000	0.149903	0.919200	0.069200	
0.130	0.010	0.973600	0.160322	0.933000	0.074800	
0.130	0.010	0.972800	0.162666	0.938600	0.071200	
0.131	0.010	0.976200	0.152426	0.919200	0.064000	
0.131	0.010	0.969400	0.172231	0.919000	0.067000	
0.131	0.010	0.973000	0.162083	0.929200	0.072600	
0.131	0.010	0.970800	0.168367	0.943600	0.070600	
0.131	0.010	0.969800	0.171137	0.953400	0.070200	
0.131	0.010	0.974400	0.157939	0.916000	0.074200	
0.131	0.010	0.973200	0.161498	0.932000	0.073600	
0.131	0.010	0.976000	0.153049	0.929400	0.068800	
0.131	0.010	0.968400	0.174933	0.936000	0.072200	
0.131	0.010	0.969000	0.173318	0.936600	0.076400	
0.132	0.010	0.975400	0.154903	0.918000	0.062400	
0.132	0.010	0.974000	0.159135	0.944800	0.065200	
0.132	0.010	0.971400	0.166679	0.945800	0.072000	
0.132	0.010	0.970000	0.170587	0.931200	0.075600	
0.132	0.010	0.976600	0.151170	0.924800	0.070200	
0.132	0.010	0.974000	0.159135	0.919200	0.069400	
0.132	0.010	0.976000	0.153049	0.955600	0.067400	
0.132	0.010	0.972800	0.162666	0.923200	0.084800	
0.132	0.010	0.973600	0.160322	0.926600	0.076600	
0.132	0.010	0.975400	0.154903	0.928000	0.076200	
0.133	0.010	0.972400	0.163824	0.927600	0.069000	
0.133	0.010	0.973200	0.161498	0.924400	0.067800	
0.133	0.010	0.972000	0.164973	0.951800	0.069400	
0.133	0.010	0.969800	0.171137	0.932200	0.069000	
0.133	0.010	0.973600	0.160322	0.927000	0.070600	
0.133	0.010	0.975400	0.154903	0.931800	0.063800	
0.133	0.010	0.970600	0.168925	0.956400	0.071200	
0.133	0.010	0.970600	0.168925	0.952800	0.073800	
0.133	0.010	0.972800	0.162666	0.941000	0.065800	
0.133	0.010	0.972400	0.163824	0.958600	0.067000	
0.134	0.010	0.970600	0.168925	0.975000	0.064600	
0.134	0.010	0.971000	0.167806	0.945800	0.068800	
0.134	0.010	0.967400	0.177587	0.972600	0.070800	
0.134	0.010	0.971000	0.167806	0.946800	0.078600	
0.134	0.010	0.974000	0.159135	0.941800	0.074600	
0.134	0.010	0.975600	0.154288	0.908000	0.068200	
0.134	0.010	0.972400	0.163824	0.964000	0.069400	
0.134	0.010	0.965800	0.181743	0.971800	0.077400	
0.134	0.010	0.972400	0.163824	0.943400	0.069200	
0.134	0.010	0.972000	0.164973	0.963600	0.069600	
0.135	0.010	0.971600	0.166113	0.965400	0.076600	
0.135	0.010	0.973600	0.160322	0.959800	0.071200	
0.135	0.010	0.972600	0.163246	0.970400	0.069600	
0.135	0.010	0.970400	0.169481	0.959600	0.066800	
0.135	0.010	0.970000	0.170587	0.966800	0.064800	
0.135	0.010	0.971400	0.166679	0.980600	0.072800	
0.135	0.010	0.976800	0.150538	0.961600	0.067600	
0.135	0.010	0.970400	0.169481	0.988200	0.067600	
0.135	0.010	0.971200	0.167244	0.935800	0.069000	
0.135	0.010	0.970000	0.170587	0.977200	0.065600	
0.136	0.010	0.968400	0.174933	0.969400	0.071200	
0.136	0.010	0.974000	0.159135	0.969000	0.070400	
0.136	0.010	0.968400	0.174933	0.978400	0.070600	
0.136	0.010	0.971400	0.166679	0.975000	0.062800	
0.136	0.010	0.970800	0.168367	0.951000	0.067800	
0.136	0.010	0.965200	0.183273	0.964400	0.071200	
0.136	0.010	0.973800	0.159730	0.937200	0.073400	
0.136	0.010	0.971000	0.167806	0.969800	0.069600	
0.136	0.010	0.968800	0.173858	0.957400	0.075200	
0.136	0.010	0.967600	0.177060	0.977000	0.071400	
0.137	0.010	0.972400	0.163824	0.977600	0.073600	
0.137	0.010	0.967000	0.178637	0.972600	0.068400	
0.137	0.010	0.971000	0.167806	0.974000	0.065400	
0.137	0.010	0.970000	0.170587	0.970000	0.064400	
0.137	0.010	0.970200	0.170035	0.974000	0.071200	
0.137	0.010	0.973600	0.160322	0.956200	0.072800	
0.137	0.010	0.972000	0.164973	0.971600	0.073000	
0.137	0.010	0.971400	0.166679	0.979800	0.066600	
0.137	0.010	0.973200	0.161498	0.977400	0.066200	
0.137	0.010	0.970800	0.168367	0.984200	0.073600	
0.138	0.010	0.973200	0.161498	0.972400	0.060800	
0.138	0.010	0.970000	0.170587	0.977600	0.079000	
0.138	0.010	0.966600	0.179679	0.987800	0.072000	
0.138	0.010	0.972200	0.164399	0.955600	0.065000	
0.138	0.010	0.967200	0.178113	0.989600	0.078200	
0.138	0.010	0.972000	0.164973	0.980000	0.068800	
0.138	0.010	0.970000	0.170587	0.992400	0.066800	
0.138	0.010	0.966800	0.179158	0.976600	0.070600	
0.138	0.010	0.972000	0.164973	0.963400	0.073800	
0.138	0.010	0.972000	0.164973	0.969800	0.076000	
0.139	0.010	0.970600	0.168925	0.952000	0.076200	
0.139	0.010	0.968400	0.174933	0.945600	0.070800	
0.139	0.010	0.968200	0.175467	0.999600	0.072400	
0.139	0.010	0.972400	0.163824	0.985600	0.066400	
0.139	0.010	0.964800	0.184285	0.995000	0.078800	
0.139	0.010	0.968800	0.173858	0.977800	0.075200	
0.139	0.010	0.970800	0.168367	0.967200	0.070400	
0.139	0.010	0.968200	0.175467	0.984400	0.068000	
0.139	0.010	0.969800	0.171137	0.986000	0.074200	
0.139	0.010	0.970800	0.168367	1.000600	0.072000	
0.140	0.010	0.971600	0.166113	0.980600	0.067400	
0.140	0.010	0.970600	0.168925	1.000400	0.071600	
0.140	0.010	0.965200	0.183273	1.001800	0.069800	
0.140	0.010	0.970400	0.169481	0.995400	0.065000	
0.140	0.010	0.970000	0.170587	0.987000	0.067200	
0.140	0.010	0.969200	0.172775	0.974400	0.071800	
0.140	0.010	0.968200	0.175467	0.993800	0.067000	
0.140	0.010	0.972400	0.163824	0.999600	0.070400	
0.140	0.010	0.969800	0.171137	0.979600	0.067600	
0.140	0.010	0.970200	0.170035	1.003000	0.068600	
0.141	0.010	0.968400	0.174933	1.002000	0.069600	
0.141	0.010	0.964400	0.185291	1.011000	0.067600	
0.141	0.010	0.969800	0.171137	1.009800	0.073200	
0.141	0.010	0.969800	0.171137	1.007400	0.068200	
0.141	0.010	0.969800	0.171137	0.969600	0.073200	
0.141	0.010	0.968800	0.173858	1.013400	0.068600	
0.141	0.010	0.969400	0.172231	0.999200	0.068200	
0.141	0.010	0.965200	0.183273	1.028800	0.071800	
0.141	0.010	0.968600	0.174396	1.002800	0.068800	
0.141	0.010	0.967600	0.177060	0.989200	0.072800	
0.142	0.010	0.973000	0.162083	1.002000	0.063800	
0.142	0.010	0.966000	0.181229	1.014400	0.071200	
0.142	0.010	0.966000	0.181229	1.020000	0.068200	
0.142	0.010	0.969600	0.171685	0.998800	0.072800	
0.142	0.010	0.967000	0.178637	1.021000	0.074600	
0.142	0.010	0.970600	0.168925	1.005000	0.067400	
0.142	0.010	0.966600	0.179679	1.002000	0.071600	
0.142	0.010	0.971400	0.166679	1.017000	0.072800	
0.142	0.010	0.969400	0.172231	1.012800	0.067800	
0.142	0.010	0.965600	0.182254	1.019000	0.072400	
0.143	0.010	0.968600	0.174396	1.005400	0.069400	
0.143	0.010	0.972000	0.164973	1.000800	0.070000	
0.143	0.010	0.969000	0.173318	1.022800	0.069000	
0.143	0.010	0.970000	0.170587	1.012800	0.075800	
0.143	0.010	0.965000	0.183780	1.018200	0.070200	
0.143	0.010	0.969600	0.171685	0.986000	0.071600	
0.143	0.010	0.965400	0.182764	1.025400	0.068800	
0.143	0.010	0.966600	0.179679	1.020600	0.068200	
0.143	0.010	0.969400	0.172231	1.010400	0.062000	
0.143	0.010	0.968000	0.176000	1.017200	0.067200	
0.144	0.010	0.969000	0.173318	1.025400	0.069600	
0.144	0.010	0.964800	0.184285	1.027000	0.063600	
0.144	0.010	0.972400	0.163824	1.012600	0.068800	
0.144	0.010	0.963000	0.188762	1.026400	0.070000	
0.144	0.010	0.965200	0.183273	1.028200	0.070800	
0.144	0.010	0.966000	0.181229	1.026600	0.076200	
0.144	0.010	0.967200	0.178113	1.007200	0.072600	
0.144	0.010	0.968400	0.174933	1.031400	0.068000	
0.144	0.010	0.969000	0.173318	0.993200	0.072600	
0.144	0.010	0.968800	0.173858	1.006200	0.065200	
0.145	0.010	0.968400	0.174933	1.012000	0.068400	
0.145	0.010	0.972000	0.164973	1.013000	0.065000	
0.145	0.010	0.968200	0.175467	1.033400	0.064600	
0.145	0.010	0.970600	0.168925	1.033200	0.063800	
0.145	0.010	0.968200	0.175467	1.027200	0.069400	
0.145	0.010	0.973600	0.160322	1.020000	0.068800	
0.145	0.010	0.966200	0.180714	1.017600	0.074200	
0.145	0.010	0.969000	0.173318	1.014800	0.072800	
0.145	0.010	0.968600	0.174396	1.000000	0.066400	
0.145	0.010	0.965600	0.182254	1.029800	0.069800	
0.146	0.010	0.966600	0.179679	1.040600	0.072400	
0.146	0.010	0.965000	0.183780	1.026400	0.067800	
0.146	0.010	0.967600	0.177060	1.010200	0.067600	
0.146	0.010	0.970000	0.170587	1.034800	0.065200	
0.146	0.010	0.966800	0.179158	1.037800	0.071600	
0.146	0.010	0.965000	0.183780	1.017400	0.067000	
0.146	0.010	0.964000	0.186290	1.027600	0.073200	
0.146	0.010	0.967200	0.178113	1.036400	0.064800	
0.146	0.010	0.972200	0.164399	1.019000	0.066000	
0.146	0.010	0.964200	0.185791	1.024200	0.070600	
0.147	0.010	0.966600	0.179679	1.019400	0.059200	
0.147	0.010	0.963600	0.187283	1.041000	0.070200	
0.147	0.010	0.966400	0.180197	1.046600	0.072400	
0.147	0.010	0.961200	0.193118	1.040800	0.074600	
0.147	0.010	0.959000	0.198290	1.054200	0.069400	
0.147	0.010	0.962600	0.189740	1.061800	0.073800	
0.147	0.010	0.962600	0.189740	1.065200	0.073600	
0.147	0.010	0.965200	0.183273	1.050000	0.076000	
0.147	0.010	0.967000	0.178637	1.047600	0.066000	
0.147	0.010	0.963800	0.186787	1.061600	0.069200	
0.148	0.010	0.966200	0.180714	1.023400	0.072000	
0.148	0.010	0.966800	0.179158	1.036200	0.071400	
0.148	0.010	0.969600	0.171685	1.038400	0.076600	
0.148	0.010	0.960800	0.194071	1.064800	0.067400	
0.148	0.010	0.969600	0.171685	1.034000	0.065400	
0.148	0.010	0.964400	0.185291	1.051000	0.075400	
0.148	0.010	0.968400	0.174933	1.060000	0.063600	
0.148	0.010	0.966000	0.181229	1.040400	0.068200	
0.148	0.010	0.968400	0.174933	1.066400	0.063000	
0.148	0.010	0.967400	0.177587	1.033800	0.063400	
0.149	0.010	0.966000	0.181229	1.085000	0.065600	
0.149	0.010	0.967400	0.177587	1.050000	0.068000	
0.149	0.010	0.969400	0.172231	1.041600	0.065600	
0.149	0.010	0.967800	0.176531	1.051200	0.066000	
0.149	0.010	0.965600	0.182254	1.066600	0.065400	
0.149	0.010	0.960600	0.194545	1.063800	0.075200	
0.149	0.010	0.966200	0.180714	1.054400	0.068600	
0.149	0.010	0.963600	0.187283	1.060400	0.074400	
0.149	0.010	0.961000	0.193595	1.051200	0.074000	
0.149	0.010	0.963800	0.186787	1.083200	0.078200	
0.149	0.010	0.967800	0.176531	1.048400	0.071600	
0.150	0.010	0.959400	0.197362	1.068400	0.074000	
0.150	0.010	0.962000	0.191196	1.081000	0.070200	
0.150	0.010	0.966800	0.179158	1.047200	0.069400	
0.150	0.010	0.966000	0.181229	1.068800	0.070200	
0.150	0.010	0.960600	0.194545	1.069800	0.066000	
0.150	0.010	0.965000	0.183780	1.054000	0.067800	
0.150	0.010	0.961800	0.191679	1.078000	0.069800	
0.150	0.010	0.965200	0.183273	1.064000	0.069800	
0.150	0.010	0.964600	0.184789	1.075400	0.071400	
0.150	0.010	0.962800	0.189252	1.098000	0.070000	
0.151	0.010	0.966200	0.180714	1.057000	0.070200	
0.151	0.010	0.962200	0.190712	1.070000	0.065600	
0.151	0.010	0.966200	0.180714	1.077800	0.068800	
0.151	0.010	0.968000	0.176000	1.061600	0.062600	
0.151	0.010	0.961400	0.192640	1.084000	0.072600	
0.151	0.010	0.963000	0.188762	1.092000	0.067800	
0.151	0.010	0.963800	0.186787	1.064600	0.071400	
0.151	0.010	0.964800	0.184285	1.086200	0.069800	
0.151	0.010	0.965200	0.183273	1.079000	0.069200	
0.151	0.010	0.964000	0.186290	1.065000	0.065400	
0.152	0.010	0.964200	0.185791	1.060200	0.069200	
0.152	0.010	0.963800	0.186787	1.081000	0.067600	
0.152	0.010	0.962200	0.190712	1.102200	0.071800	
0.152	0.010	0.966000	0.181229	1.065200	0.071400	
0.152	0.010	0.961600	0.192160	1.111800	0.067200	
0.152	0.010	0.962000	0.191196	1.073400	0.071200	
0.152	0.010	0.963400	0.187778	1.087200	0.071200	
0.152	0.010	0.965400	0.182764	1.070600	0.072600	
0.152	0.010	0.964400	0.185291	1.063000	0.073000	
0.152	0.010	0.964600	0.184789	1.081400	0.066000	
0.153	0.010	0.961800	0.191679	1.100400	0.076200	
0.153	0.010	0.959400	0.197362	1.096000	0.076800	
0.153	0.010	0.959600	0.196896	1.088200	0.069000	
0.153	0.010	0.960200	0.195489	1.083600	0.070000	
0.153	0.010	0.963200	0.188270	1.098200	0.066000	
0.153	0.010	0.959000	0.198290	1.100200	0.063600	
0.153	0.010	0.964200	0.185791	1.068000	0.074600	
0.153	0.010	0.966400	0.180197	1.070800	0.068600	
0.153	0.010	0.960400	0.195018	1.091000	0.069400	
0.153	0.010	0.961800	0.191679	1.093200	0.069400	
0.154	0.010	0.963400	0.187778	1.095400	0.072400	
0.154	0.010	0.957200	0.202406	1.108800	0.069200	
0.154	0.010	0.956200	0.204650	1.094200	0.074000	
0.154	0.010	0.965000	0.183780	1.090600	0.068800	
0.154	0.010	0.964000	0.186290	1.097800	0.062000	
0.154	0.010	0.957800	0.201045	1.089000	0.070800	
0.154	0.010	0.965200	0.183273	1.106800	0.070400	
0.154	0.010	0.962600	0.189740	1.085200	0.067400	
0.154	0.010	0.959600	0.196896	1.092000	0.075400	
0.154	0.010	0.965000	0.183780	1.065000	0.063000	
0.155	0.010	0.959800	0.196428	1.101200	0.067800	
0.155	0.010	0.963200	0.188270	1.089400	0.069000	
0.155	0.010	0.960200	0.195489	1.098800	0.073400	
0.155	0.010	0.954800	0.207743	1.129800	0.078200	
0.155	0.010	0.959200	0.197827	1.131600	0.068800	
0.155	0.010	0.962600	0.189740	1.105800	0.068600	
0.155	0.010	0.962400	0.190227	1.102000	0.070000	
0.155	0.010	0.961600	0.192160	1.091800	0.066400	
0.155	0.010	0.955800	0.205539	1.124400	0.078200	
0.155	0.010	0.961800	0.191679	1.108600	0.066600	
0.156	0.010	0.961200	0.193118	1.102800	0.076800	
0.156	0.010	0.961400	0.192640	1.102000	0.081000	
0.156	0.010	0.959200	0.197827	1.127000	0.069200	
0.156	0.010	0.961800	0.191679	1.100000	0.071600	
0.156	0.010	0.955200	0.206865	1.130000	0.068800	
0.156	0.010	0.960800	0.194071	1.113800	0.069000	
0.156	0.010	0.959000	0.198290	1.125400	0.072400	
0.156	0.010	0.958000	0.200589	1.112600	0.071000	
0.156	0.010	0.956400	0.204203	1.115600	0.077600	
0.157	0.010	0.962600	0.189740	1.121800	0.069400	
0.157	0.010	0.965600	0.182254	1.107400	0.065400	
0.157	0.010	0.961200	0.193118	1.100000	0.070000	
0.157	0.010	0.963000	0.188762	1.091600	0.070400	
0.157	0.010	0.955600	0.205982	1.121000	0.069800	
0.157	0.010	0.960800	0.194071	1.093000	0.074600	
0.157	0.010	0.961000	0.193595	1.124800	0.067800	
0.157	0.010	0.959600	0.196896	1.125800	0.074400	
0.157	0.010	0.962800	0.189252	1.123600	0.063200	
0.157	0.010	0.962800	0.189252	1.098400	0.071000	
0.158	0.010	0.957600	0.201500	1.137000	0.071800	
0.158	0.010	0.963000	0.188762	1.120800	0.068400	
0.158	0.010	0.958800	0.198753	1.127000	0.069800	
0.158	0.010	0.957000	0.202857	1.129800	0.067000	
0.158	0.010	0.963200	0.188270	1.098600	0.073200	
0.158	0.010	0.958800	0.198753	1.119400	0.073200	
0.158	0.010	0.965400	0.182764	1.120000	0.066200	
0.158	0.010	0.959600	0.196896	1.130400	0.067400	
0.158	0.010	0.960400	0.195018	1.141400	0.066000	
0.158	0.010	0.959800	0.196428	1.121800	0.065000	
0.159	0.010	0.959600	0.196896	1.112000	0.072000	
0.159	0.010	0.957600	0.201500	1.130000	0.064200	
0.159	0.010	0.953800	0.209918	1.140400	0.069600	
0.159	0.010	0.960600	0.194545	1.100800	0.074200	
0.159	0.010	0.958800	0.198753	1.127400	0.073400	
0.159	0.010	0.961600	0.192160	1.140200	0.068800	
0.159	0.010	0.958800	0.198753	1.140400	0.066800	
0.159	0.010	0.962600	0.189740	1.149800	0.069400	
0.159	0.010	0.958800	0.198753	1.148600	0.073400	
0.159	0.010	0.959000	0.198290	1.135600	0.065200	
0.160	0.010	0.958600	0.199214	1.133000	0.067800	
0.160	0.010	0.957800	0.201045	1.159400	0.069800	
0.160	0.010	0.955200	0.206865	1.146400	0.067800	
0.160	0.010	0.959400	0.197362	1.115600	0.074600	
0.160	0.010	0.961400	0.192640	1.146600	0.070000	
0.160	0.010	0.964400	0.185291	1.121200	0.067000	
0.160	0.010	0.956600	0.203756	1.151800	0.072200	
0.160	0.010	0.961000	0.193595	1.146600	0.066400	
0.160	0.010	0.957200	0.202406	1.141200	0.074600	
0.160	0.010	0.955600	0.205982	1.123000	0.080400	
0.161	0.010	0.959200	0.197827	1.145800	0.075200	
0.161	0.010	0.953200	0.211210	1.145000	0.077000	
0.161	0.010	0.961200	0.193118	1.154200	0.066800	
0.161	0.010	0.958800	0.198753	1.154800	0.068400	
0.161	0.010	0.955400	0.206424	1.163400	0.070600	
0.161	0.010	0.954600	0.208180	1.136600	0.071800	
0.161	0.010	0.953000	0.211639	1.151000	0.069200	
0.161	0.010	0.957400	0.201954	1.144200	0.074600	
0.161	0.010	0.960200	0.195489	1.152000	0.075600	
0.161	0.010	0.952600	0.212493	1.157000	0.074600	
0.162	0.010	0.955200	0.206865	1.122000	0.070400	
0.162	0.010	0.965200	0.183273	1.102200	0.070200	
0.162	0.010	0.959400	0.197362	1.149400	0.071800	
0.162	0.010	0.959600	0.196896	1.135200	0.072800	
0.162	0.010	0.955600	0.205982	1.145200	0.069000	
0.162	0.010	0.957400	0.201954	1.159600	0.078600	
0.162	0.010	0.961000	0.193595	1.161200	0.065800	
0.162	0.010	0.962400	0.190227	1.164800	0.067600	
0.162	0.010	0.956800	0.203307	1.143600	0.067800	
0.162	0.010	0.959200	0.197827	1.143800	0.063600	
0.163	0.010	0.956400	0.204203	1.172000	0.073400	
0.163	0.010	0.958400	0.199673	1.137600	0.070800	
0.163	0.010	0.952000	0.213766	1.148400	0.064600	
0.163	0.010	0.960000	0.195959	1.142600	0.072200	
0.163	0.010	0.962600	0.189740	1.157000	0.074200	
0.163	0.010	0.956000	0.205095	1.167200	0.069400	
0.163	0.010	0.954400	0.208616	1.152400	0.067200	
0.163	0.010	0.951200	0.215450	1.169800	0.077200	
0.163	0.010	0.960800	0.194071	1.125800	0.067000	
0.163	0.010	0.952200	0.213343	1.175200	0.081600	
0.164	0.010	0.954200	0.209051	1.178200	0.075600	
0.164	0.010	0.952800	0.212066	1.164200	0.070400	
0.164	0.010	0.956400	0.204203	1.153600	0.063800	
0.164	0.010	0.954400	0.208616	1.159800	0.069600	
0.164	0.010	0.956000	0.205095	1.174000	0.070000	
0.164	0.010	0.957600	0.201500	1.157800	0.065800	
0.164	0.010	0.959200	0.197827	1.166200	0.067200	
0.164	0.010	0.956800	0.203307	1.165200	0.067600	
0.164	0.010	0.959800	0.196428	1.167200	0.072000	
0.164	0.010	0.957600	0.201500	1.160400	0.069400	
0.165	0.010	0.956800	0.203307	1.159000	0.073000	
0.165	0.010	0.952200	0.213343	1.185400	0.072200	
0.165	0.010	0.955800	0.205539	1.162400	0.068000	
0.165	0.010	0.954600	0.208180	1.170200	0.070800	
0.165	0.010	0.957400	0.201954	1.158600	0.065000	
0.165	0.010	0.958000	0.200589	1.142000	0.067000	
0.165	0.010	0.955600	0.205982	1.153800	0.071000	
0.165	0.010	0.953600	0.210350	1.153400	0.067400	
0.165	0.010	0.960200	0.195489	1.160600	0.064600	
0.165	0.010	0.955000	0.207304	1.168000	0.069400	
0.166	0.010	0.957000	0.202857	1.170800	0.070200	
0.166	0.010	0.956600	0.203756	1.177000	0.073000	
0.166	0.010	0.961000	0.193595	1.171600	0.071600	
0.166	0.010	0.957400	0.201954	1.155600	0.069200	
0.166	0.010	0.949800	0.218357	1.208600	0.068200	
0.166	0.010	0.955400	0.206424	1.180600	0.070200	
0.166	0.010	0.961000	0.193595	1.165600	0.057000	
0.166	0.010	0.956000	0.205095	1.179400	0.075400	
0.166	0.010	0.954400	0.208616	1.179800	0.072400	
0.166	0.010	0.959400	0.197362	1.174600	0.063000	
0.167	0.010	0.952200	0.213343	1.180400	0.073600	
0.167	0.010	0.955400	0.206424	1.194800	0.058200	
0.167	0.010	0.954400	0.208616	1.174000	0.066800	
0.167	0.010	0.957600	0.201500	1.165000	0.071000	
0.167	0.010	0.956600	0.203756	1.201600	0.071800	
0.167	0.010	0.951800	0.214189	1.186000	0.065200	
0.167	0.010	0.952600	0.212493	1.176800	0.069000	
0.167	0.010	0.955200	0.206865	1.164600	0.068000	
0.167	0.010	0.957400	0.201954	1.176600	0.069200	
0.167	0.010	0.954800	0.207743	1.160800	0.067000	
0.168	0.010	0.952800	0.212066	1.196200	0.070200	
0.168	0.010	0.954400	0.208616	1.186800	0.071800	
0.168	0.010	0.956400	0.204203	1.190600	0.073000	
0.168	0.010	0.958200	0.200132	1.193000	0.073200	
0.168	0.010	0.954000	0.209485	1.204400	0.061200	
0.168	0.010	0.952200	0.213343	1.191600	0.071200	
0.168	0.010	0.954200	0.209051	1.194400	0.068200	
0.168	0.010	0.953600	0.210350	1.173000	0.071600	
0.168	0.010	0.959600	0.196896	1.166200	0.068800	
0.168	0.010	0.955200	0.206865	1.179600	0.077000	
0.169	0.010	0.959000	0.198290	1.182800	0.065400	
0.169	0.010	0.950800	0.216285	1.199800	0.068200	
0.169	0.010	0.957600	0.201500	1.198400	0.071400	
0.169	0.010	0.958400	0.199673	1.203200	0.071200	
0.169	0.010	0.953000	0.211639	1.177800	0.074200	
0.169	0.010	0.953800	0.209918	1.184000	0.073000	
0.169	0.010	0.954000	0.209485	1.193800	0.069200	
0.169	0.010	0.958800	0.198753	1.178000	0.068800	
0.169	0.010	0.952000	0.213766	1.218800	0.070000	
0.169	0.010	0.950200	0.217532	1.186600	0.070200	
0.170	0.010	0.955200	0.206865	1.189400	0.069600	
0.170	0.010	0.956000	0.205095	1.197400	0.073800	
0.170	0.010	0.954000	0.209485	1.215800	0.069800	
0.170	0.010	0.950600	0.216702	1.206400	0.078000	
0.170	0.010	0.950200	0.217532	1.206800	0.069200	
0.170	0.010	0.946400	0.225227	1.214800	0.069800	
0.170	0.010	0.948400	0.221218	1.194200	0.072400	
0.170	0.010	0.958000	0.200589	1.195200	0.067400	
0.170	0.010	0.949600	0.218769	1.220400	0.076600	
0.170	0.010	0.951200	0.215450	1.212800	0.073400	
0.171	0.010	0.952600	0.212493	1.209600	0.065600	
0.171	0.010	0.949800	0.218357	1.206200	0.072800	
0.171	0.010	0.950600	0.216702	1.224400	0.072800	
0.171	0.010	0.951000	0.215868	1.209000	0.073600	
0.171	0.010	0.954400	0.208616	1.208000	0.067200	
0.171	0.010	0.958000	0.200589	1.220600	0.069800	
0.171	0.010	0.950200	0.217532	1.216800	0.068800	
0.171	0.010	0.948800	0.220405	1.216400	0.068600	
0.171	0.010	0.947200	0.223634	1.231600	0.063400	
0.171	0.010	0.956400	0.204203	1.206800	0.065000	
0.172	0.010	0.955600	0.205982	1.212600	0.067000	
0.172	0.010	0.955400	0.206424	1.195400	0.065000	
0.172	0.010	0.953400	0.210781	1.214000	0.071200	
0.172	0.010	0.953600	0.210350	1.242600	0.071200	
0.172	0.010	0.947000	0.224033	1.244800	0.065400	
0.172	0.010	0.948400	0.221218	1.239000	0.063200	
0.172	0.010	0.955200	0.206865	1.223600	0.069000	
0.172	0.010	0.951200	0.215450	1.222800	0.071000	
0.172	0.010	0.946400	0.225227	1.233400	0.067600	
0.172	0.010	0.954200	0.209051	1.222600	0.063600	
0.173	0.010	0.944600	0.228759	1.218800	0.073000	
0.173	0.010	0.945600	0.226805	1.255200	0.072000	
0.173	0.010	0.944400	0.229148	1.241600	0.070800	
0.173	0.010	0.953200	0.211210	1.206800	0.076000	
0.173	0.010	0.947600	0.222832	1.251600	0.067400	
0.173	0.010	0.954600	0.208180	1.241000	0.065800	
0.173	0.010	0.948000	0.222027	1.239800	0.067200	
0.173	0.010	0.952400	0.212918	1.211000	0.066600	
0.173	0.010	0.953600	0.210350	1.236800	0.065800	
0.173	0.010	0.950800	0.216285	1.233400	0.069400	
0.174	0.010	0.952200	0.213343	1.218000	0.067400	
0.174	0.010	0.949000	0.219998	1.269200	0.072600	
0.174	0.010	0.951600	0.214610	1.219800	0.075800	
0.174	0.010	0.947600	0.222832	1.235200	0.075800	
0.174	0.010	0.946200	0.225623	1.247600	0.068200	
0.174	0.010	0.947400	0.223234	1.227600	0.070000	
0.174	0.010	0.955400	0.206424	1.254800	0.068200	
0.174	0.010	0.948400	0.221218	1.266200	0.062600	
0.174	0.010	0.951400	0.215030	1.246200	0.072400	
0.174	0.010	0.949200	0.219589	1.241400	0.080800	
0.175	0.010	0.946600	0.224830	1.256000	0.064800	
0.175	0.010	0.954000	0.209485	1.223600	0.070200	
0.175	0.010	0.946600	0.224830	1.252600	0.073600	
0.175	0.010	0.949600	0.218769	1.238800	0.061800	
0.175	0.010	0.944000	0.229922	1.246800	0.071800	
0.175	0.010	0.952800	0.212066	1.212400	0.065800	
0.175	0.010	0.952800	0.212066	1.225400	0.067600	
0.175	0.010	0.949600	0.218769	1.213400	0.072200	
0.175	0.010	0.952400	0.212918	1.258800	0.074200	
0.175	0.010	0.949200	0.219589	1.232400	0.069200	
0.176	0.010	0.951200	0.215450	1.242600	0.065600	
0.176	0.010	0.953400	0.210781	1.248000	0.070000	
0.176	0.010	0.949400	0.219179	1.237200	0.076800	
0.176	0.010	0.951000	0.215868	1.250800	0.070800	
0.176	0.010	0.956200	0.204650	1.249200	0.063200	
0.176	0.010	0.946800	0.224432	1.227000	0.064000	
0.176	0.010	0.947200	0.223634	1.242400	0.067800	
0.176	0.010	0.948600	0.220812	1.247400	0.072200	
0.176	0.010	0.951400	0.215030	1.234800	0.072800	
0.176	0.010	0.950200	0.217532	1.248600	0.066800	
0.177	0.010	0.955400	0.206424	1.252600	0.070200	
0.177	0.010	0.947800	0.222430	1.248400	0.065000	
0.177	0.010	0.951800	0.214189	1.254600	0.069000	
0.177	0.010	0.947600	0.222832	1.275800	0.066000	
0.177	0.010	0.951200	0.215450	1.247600	0.069000	
0.177	0.010	0.947000	0.224033	1.260800	0.062600	
0.177	0.010	0.947800	0.222430	1.263200	0.067000	
0.177	0.010	0.942200	0.233365	1.288000	0.071800	
0.177	0.010	0.950000	0.217945	1.256600	0.065400	
0.177	0.010	0.950600	0.216702	1.234200	0.066000	
0.178	0.010	0.947400	0.223234	1.267400	0.072000	
0.178	0.010	0.948600	0.220812	1.257000	0.072000	
0.178	0.010	0.948000	0.222027	1.248800	0.073400	
0.178	0.010	0.947800	0.222430	1.279200	0.063600	
0.178	0.010	0.948200	0.221623	1.238600	0.071800	
0.178	0.010	0.945800	0.226412	1.242600	0.068000	
0.178	0.010	0.941400	0.234875	1.260200	0.067200	
0.178	0.010	0.950800	0.216285	1.265800	0.070600	
0.178	0.010	0.952000	0.213766	1.264000	0.063800	
0.178	0.010	0.945000	0.227980	1.280200	0.066200	
0.179	0.010	0.945200	0.227589	1.270800	0.072200	
0.179	0.010	0.947400	0.223234	1.262600	0.070000	
0.179	0.010	0.949200	0.219589	1.255400	0.070600	
0.179	0.010	0.943400	0.231077	1.282000	0.068800	
0.179	0.010	0.950800	0.216285	1.274600	0.074400	
0.179	0.010	0.944800	0.228370	1.273000	0.076200	
0.179	0.010	0.947600	0.222832	1.264600	0.067000	
0.179	0.010	0.943400	0.231077	1.273000	0.069000	
0.179	0.010	0.944400	0.229148	1.295800	0.069200	
0.179	0.010	0.948600	0.220812	1.274200	0.069200	
0.180	0.010	0.945400	0.227198	1.267600	0.073400	
0.180	0.010	0.949200	0.219589	1.274200	0.065400	
0.180	0.010	0.938800	0.239697	1.303800	0.075800	
0.180	0.010	0.945600	0.226805	1.277000	0.072400	
0.180	0.010	0.941200	0.235250	1.299800	0.077400	
0.180	0.010	0.936600	0.243681	1.307800	0.078600	
0.180	0.010	0.946200	0.225623	1.284600	0.069800	
0.180	0.010	0.944400	0.229148	1.289200	0.069200	
0.180	0.010	0.942400	0.232985	1.286800	0.069200	
0.180	0.010	0.948200	0.221623	1.273000	0.068600	
0.181	0.010	0.944800	0.228370	1.283400	0.070000	
0.181	0.010	0.946200	0.225623	1.274200	0.068200	
0.181	0.010	0.944200	0.229535	1.274000	0.069600	
0.181	0.010	0.944600	0.228759	1.297000	0.074400	
0.181	0.010	0.954400	0.208616	1.273000	0.069800	
0.181	0.010	0.950600	0.216702	1.289800	0.072600	
0.181	0.010	0.950200	0.217532	1.279800	0.070400	
0.181	0.010	0.945000	0.227980	1.274000	0.071600	
0.181	0.010	0.946400	0.225227	1.296600	0.066400	
0.181	0.010	0.947200	0.223634	1.272400	0.080400	
0.182	0.010	0.953000	0.211639	1.295600	0.063200	
0.182	0.010	0.941200	0.235250	1.293800	0.073200	
0.182	0.010	0.945600	0.226805	1.295400	0.069600	
0.182	0.010	0.948000	0.222027	1.279600	0.066000	
0.182	0.010	0.936200	0.244396	1.313400	0.074800	
0.182	0.010	0.946200	0.225623	1.294200	0.070000	
0.182	0.010	0.945600	0.226805	1.290800	0.065600	
0.182	0.010	0.947800	0.222430	1.284400	0.069200	
0.182	0.010	0.941400	0.234875	1.302800	0.067800	
0.182	0.010	0.949400	0.219179	1.272400	0.066600	
0.182	0.010	0.944600	0.228759	1.284200	0.071200	
0.183	0.010	0.940400	0.236744	1.321400	0.074800	
0.183	0.010	0.940200	0.237116	1.308000	0.071600	
0.183	0.010	0.945600	0.226805	1.287000	0.071600	
0.183	0.010	0.944200	0.229535	1.289800	0.072000	
0.183	0.010	0.948600	0.220812	1.328000	0.070600	
0.183	0.010	0.942800	0.232224	1.297000	0.063600	
0.183	0.010	0.942600	0.232605	1.293200	0.069400	
0.183	0.010	0.945800	0.226412	1.293800	0.072000	
0.183	0.010	0.946400	0.225227	1.319000	0.066200	
0.183	0.010	0.942000	0.233743	1.336600	0.070600	
0.184	0.010	0.947000	0.224033	1.297800	0.060000	
0.184	0.010	0.938200	0.240792	1.324200	0.074600	
0.184	0.010	0.941200	0.235250	1.328600	0.071000	
0.184	0.010	0.946600	0.224830	1.310800	0.066800	
0.184	0.010	0.937200	0.242603	1.303400	0.075800	
0.184	0.010	0.946400	0.225227	1.305000	0.068000	
0.184	0.010	0.945600	0.226805	1.300800	0.075200	
0.184	0.010	0.941400	0.234875	1.321400	0.072400	
0.184	0.010	0.948600	0.220812	1.286400	0.066600	
0.184	0.010	0.944400	0.229148	1.319400	0.069600	
0.185	0.010	0.946800	0.224432	1.309800	0.064800	
0.185	0.010	0.943800	0.230308	1.317000	0.065000	
0.185	0.010	0.943000	0.231843	1.319200	0.071400	
0.185	0.010	0.941800	0.234121	1.321200	0.072600	
0.185	0.010	0.941000	0.235625	1.336600	0.069200	
0.185	0.010	0.947800	0.222430	1.309800	0.066000	
0.185	0.010	0.945800	0.226412	1.307200	0.061000	
0.185	0.010	0.943200	0.231460	1.299000	0.067800	
0.185	0.010	0.941200	0.235250	1.305000	0.068600	
0.185	0.010	0.941600	0.234498	1.314600	0.072600	
0.186	0.010	0.946200	0.225623	1.330800	0.075200	
0.186	0.010	0.940000	0.237487	1.326800	0.065800	
0.186	0.010	0.939400	0.238595	1.318200	0.074000	
0.186	0.010	0.937400	0.242242	1.307200	0.069400	
0.186	0.010	0.941000	0.235625	1.316600	0.070800	
0.186	0.010	0.934400	0.247582	1.322000	0.069200	
0.186	0.010	0.940600	0.236372	1.330800	0.065000	
0.186	0.010	0.944800	0.228370	1.315400	0.065800	
0.186	0.010	0.940600	0.236372	1.341800	0.067800	
0.186	0.010	0.941200	0.235250	1.345400	0.074600	
0.187	0.010	0.941200	0.235250	1.336800	0.075000	
0.187	0.010	0.941600	0.234498	1.331600	0.076200	
0.187	0.010	0.941400	0.234875	1.316600	0.066000	
0.187	0.010	0.936600	0.243681	1.346000	0.079600	
0.187	0.010	0.937000	0.242963	1.315600	0.073600	
0.187	0.010	0.940600	0.236372	1.340800	0.070600	
0.187	0.010	0.937600	0.241881	1.346000	0.063000	
0.187	0.010	0.941800	0.234121	1.332800	0.072400	
0.187	0.010	0.942200	0.233365	1.333400	0.068800	
0.188	0.010	0.944200	0.229535	1.318000	0.071000	
0.188	0.010	0.943000	0.231843	1.366400	0.069600	
0.188	0.010	0.943600	0.230693	1.320800	0.067800	
0.188	0.010	0.940000	0.237487	1.327200	0.065000	
0.188	0.010	0.937400	0.242242	1.327400	0.069200	
0.188	0.010	0.941800	0.234121	1.313600	0.074200	
0.188	0.010	0.937600	0.241881	1.342000	0.077000	
0.188	0.010	0.941200	0.235250	1.330400	0.066600	
0.188	0.010	0.937200	0.242603	1.369200	0.069000	
0.188	0.010	0.935600	0.245464	1.365400	0.080000	
0.189	0.010	0.940200	0.237116	1.328800	0.069400	
0.189	0.010	0.932000	0.251746	1.374200	0.065800	
0.189	0.010	0.942400	0.232985	1.337000	0.060400	
0.189	0.010	0.940400	0.236744	1.330400	0.069400	
0.189	0.010	0.944200	0.229535	1.311200	0.066200	
0.189	0.010	0.939200	0.238963	1.338400	0.066800	
0.189	0.010	0.936000	0.244753	1.350200	0.069600	
0.189	0.010	0.941800	0.234121	1.346800	0.066800	
0.189	0.010	0.940000	0.237487	1.348000	0.071600	
0.189	0.010	0.943400	0.231077	1.360800	0.071400	
0.190	0.010	0.936200	0.244396	1.337000	0.065000	
0.190	0.010	0.939400	0.238595	1.357200	0.065800	
0.190	0.010	0.946800	0.224432	1.337200	0.068600	
0.190	0.010	0.936400	0.244039	1.340000	0.069400	
0.190	0.010	0.940000	0.237487	1.336800	0.067400	
0.190	0.010	0.936800	0.243322	1.369600	0.072200	
0.190	0.010	0.939600	0.238226	1.349200	0.069000	
0.190	0.010	0.941400	0.234875	1.335400	0.069400	
0.190	0.010	0.941600	0.234498	1.337600	0.067600	
0.190	0.010	0.939400	0.238595	1.365600	0.070000	
0.191	0.010	0.941000	0.235625	1.327800	0.069400	
0.191	0.010	0.937000	0.242963	1.350200	0.064800	
0.191	0.010	0.936400	0.244039	1.340800	0.070600	
0.191	0.010	0.940200	0.237116	1.382400	0.066200	
0.191	0.010	0.937400	0.242242	1.372400	0.069000	
0.191	0.010	0.934000	0.248282	1.377200	0.074000	
0.191	0.010	0.935200	0.246173	1.358800	0.064800	
0.191	0.010	0.944800	0.228370	1.308000	0.071800	
0.191	0.010	0.936600	0.243681	1.378200	0.070800	
0.191	0.010	0.939800	0.237857	1.355800	0.075400	
0.192	0.010	0.943600	0.230693	1.363800	0.068800	
0.192	0.010	0.937000	0.242963	1.365000	0.067800	
0.192	0.010	0.940600	0.236372	1.370200	0.073400	
0.192	0.010	0.936800	0.243322	1.362000	0.066800	
0.192	0.010	0.941800	0.234121	1.341200	0.071200	
0.192	0.010	0.937600	0.241881	1.368200	0.069000	
0.192	0.010	0.943400	0.231077	1.360200	0.073400	
0.192	0.010	0.938400	0.240428	1.347800	0.067000	
0.192	0.010	0.940400	0.236744	1.365000	0.068000	
0.192	0.010	0.931000	0.253454	1.408200	0.070000	
0.193	0.010	0.940400	0.236744	1.352600	0.066800	
0.193	0.010	0.943200	0.231460	1.364800	0.076000	
0.193	0.010	0.942000	0.233743	1.361600	0.072000	
0.193	0.010	0.938600	0.240063	1.344200	0.069400	
0.193	0.010	0.933200	0.249675	1.373800	0.070000	
0.193	0.010	0.937600	0.241881	1.353800	0.073400	
0.193	0.010	0.935200	0.246173	1.374200	0.074600	
0.193	0.010	0.932600	0.250713	1.373600	0.072400	
0.193	0.010	0.935400	0.245819	1.411000	0.069600	
0.193	0.010	0.940000	0.237487	1.364600	0.073200	
0.194	0.010	0.935000	0.246526	1.364400	0.072600	
0.194	0.010	0.940600	0.236372	1.360400	0.065200	
0.194	0.010	0.941000	0.235625	1.359200	0.073400	
0.194	0.010	0.936000	0.244753	1.358200	0.065000	
0.194	0.010	0.938200	0.240792	1.354000	0.069600	
0.194	0.010	0.940200	0.237116	1.357000	0.068800	
0.194	0.010	0.937000	0.242963	1.391800	0.071400	
0.194	0.010	0.937800	0.241518	1.363600	0.066600	
0.194	0.010	0.936800	0.243322	1.392800	0.067400	
0.194	0.010	0.939600	0.238226	1.362800	0.066600	
0.195	0.010	0.933000	0.250022	1.409000	0.070000	
0.195	0.010	0.935400	0.245819	1.376600	0.069600	
0.195	0.010	0.932000	0.251746	1.419600	0.062800	
0.195	0.010	0.935400	0.245819	1.388000	0.065600	
0.195	0.010	0.932000	0.251746	1.391400	0.071800	
0.195	0.010	0.938000	0.241156	1.362800	0.067400	
0.195	0.010	0.932200	0.251402	1.379400	0.064200	
0.195	0.010	0.938800	0.239697	1.373200	0.069200	
0.195	0.010	0.936800	0.243322	1.345800	0.067600	
0.195	0.010	0.934400	0.247582	1.386400	0.068200	
0.196	0.010	0.937600	0.241881	1.383000	0.067000	
0.196	0.010	0.932600	0.250713	1.374200	0.066800	
0.196	0.010	0.928600	0.257492	1.391800	0.073000	
0.196	0.010	0.935400	0.245819	1.393000	0.077200	
0.196	0.010	0.938400	0.240428	1.356800	0.073200	
0.196	0.010	0.940800	0.235999	1.372800	0.068800	
0.196	0.010	0.934000	0.248282	1.410600	0.060600	
0.196	0.010	0.937800	0.241518	1.361000	0.074200	
0.196	0.010	0.935800	0.245109	1.390400	0.076000	
0.196	0.010	0.935200	0.246173	1.381800	0.069400	
0.197	0.010	0.933800	0.248631	1.415400	0.073400	
0.197	0.010	0.935800	0.245109	1.353600	0.072000	
0.197	0.010	0.933000	0.250022	1.413800	0.069000	
0.197	0.010	0.932600	0.250713	1.417400	0.067800	
0.197	0.010	0.936800	0.243322	1.398200	0.071400	
0.197	0.010	0.933000	0.250022	1.419400	0.070200	
0.197	0.010	0.929200	0.256490	1.406400	0.074800	
0.197	0.010	0.931200	0.253114	1.408000	0.068600	
0.197	0.010	0.929800	0.255484	1.413400	0.062000	
0.197	0.010	0.933200	0.249675	1.394200	0.068200	
0.198	0.010	0.929800	0.255484	1.399000	0.069800	
0.198	0.010	0.936400	0.244039	1.387800	0.075600	
0.198	0.010	0.932400	0.251058	1.388600	0.072800	
0.198	0.010	0.933400	0.249328	1.384000	0.066800	
0.198	0.010	0.937400	0.242242	1.390600	0.066200	
0.198	0.010	0.933400	0.249328	1.400000	0.069400	
0.198	0.010	0.930800	0.253794	1.413200	0.070200	
0.198	0.010	0.930000	0.255147	1.396200	0.079200	
0.198	0.010	0.928400	0.257824	1.438800	0.067200	
0.198	0.010	0.932600	0.250713	1.403600	0.076800	
0.199	0.010	0.929000	0.256825	1.421800	0.070200	
0.199	0.010	0.934600	0.247230	1.405600	0.077400	
0.199	0.010	0.929400	0.256155	1.422800	0.070400	
0.199	0.010	0.934400	0.247582	1.397000	0.068400	
0.199	0.010	0.933400	0.249328	1.400400	0.069800	
0.199	0.010	0.932000	0.251746	1.411200	0.074400	
0.199	0.010	0.930200	0.254810	1.419200	0.068000	
0.199	0.010	0.928600	0.257492	1.413200	0.073200	
0.199	0.010	0.929000	0.256825	1.449800	0.069400	
0.199	0.010	0.929200	0.256490	1.414000	0.067800	
0.200	0.010	0.936600	0.243681	1.375800	0.072200	
0.200	0.010	0.932000	0.251746	1.403600	0.074400	
0.200	0.010	0.933600	0.248980	1.392600	0.070800	
0.200	0.010	0.931200	0.253114	1.400600	0.072400	
0.200	0.010	0.933800	0.248631	1.385600	0.065800	
0.200	0.010	0.930800	0.253794	1.429000	0.066000	
